1,-3.1878,55.9444,110,-3.187902606042998,55.94468190778624,hurt.green.filer
2,-3.187902606042998,55.94468190778624,220,-3.1881324193759335,55.944489071503334,null
3,-3.1881324193759335,55.944489071503334,210,-3.188392226997069,55.944339071503336,trades.rare.cable
4,-3.188392226997069,55.944339071503336,220,-3.1886220403300047,55.94414623522043,null
5,-3.1886220403300047,55.94414623522043,210,-3.1888818479511403,55.94399623522043,noted.friday.jams
6,-3.1888818479511403,55.94399623522043,210,-3.189141655572276,55.943846235220434,null
7,-3.189141655572276,55.943846235220434,220,-3.1893714689052115,55.94365339893753,cars.attend.hotels
8,-3.1893714689052115,55.94365339893753,140,-3.189601282238147,55.943846235220434,null
9,-3.189601282238147,55.943846235220434,130,-3.189794118521053,55.94407604855337,cliff.asleep.wedge
10,-3.189794118521053,55.94407604855337,260,-3.189846212974353,55.94378060622746,null
11,-3.189846212974353,55.94378060622746,270,-3.189846212974353,55.94348060622746,null
12,-3.189846212974353,55.94348060622746,250,-3.1899488190173506,55.94319869844122,null
13,-3.1899488190173506,55.94319869844122,280,-3.1898967245640506,55.942903256115315,second.launch.miles
14,-3.1898967245640506,55.942903256115315,140,-3.1901265378969863,55.94309609239822,null
15,-3.1901265378969863,55.94309609239822,140,-3.190356351229922,55.94328892868113,null
16,-3.190356351229922,55.94328892868113,140,-3.1905861645628577,55.943481764964034,null
17,-3.1905861645628577,55.943481764964034,140,-3.1908159778957934,55.94367460124694,null
18,-3.1908159778957934,55.94367460124694,140,-3.191045791228729,55.943867437529846,spicy.bunch.shady
19,-3.191045791228729,55.943867437529846,100,-3.191097885682029,55.94416287985575,hills.giant.crate
20,-3.191097885682029,55.94416287985575,110,-3.1912004917250267,55.94444478764199,null
21,-3.1912004917250267,55.94444478764199,60,-3.1910504917250266,55.944704595263126,estate.gave.votes
22,-3.1910504917250266,55.944704595263126,50,-3.190857655442121,55.94493440859606,null
23,-3.190857655442121,55.94493440859606,50,-3.190664819159215,55.945164221929,null
24,-3.190664819159215,55.945164221929,40,-3.1904350058262794,55.945357058211904,jump.crop.fits
25,-3.1904350058262794,55.945357058211904,170,-3.190730448152183,55.945409152665206,null
26,-3.190730448152183,55.945409152665206,180,-3.1910304481521834,55.945409152665206,null
27,-3.1910304481521834,55.945409152665206,140,-3.191260261485119,55.94560198894811,skins.engage.best
28,-3.191260261485119,55.94560198894811,150,-3.1915200691062546,55.94575198894811,null
29,-3.1915200691062546,55.94575198894811,150,-3.19177987672739,55.94590198894811,stone.undulation.poems
30,-3.19177987672739,55.94590198894811,240,-3.1919298767273903,55.945642181326974,null
31,-3.1919298767273903,55.945642181326974,240,-3.1920798767273904,55.94538237370584,null
32,-3.1920798767273904,55.94538237370584,240,-3.1922298767273904,55.945122566084706,useful.hike.trades
33,-3.1922298767273904,55.945122566084706,10,-3.1919344344014866,55.94517466053801,null
34,-3.1919344344014866,55.94517466053801,20,-3.191652526615251,55.94527726658101,null
35,-3.191652526615251,55.94527726658101,10,-3.191357084289347,55.94532936103431,null
36,-3.191357084289347,55.94532936103431,10,-3.191061641963443,55.94538145548761,null
37,-3.191061641963443,55.94538145548761,10,-3.1907661996375394,55.945433549940915,null
38,-3.1907661996375394,55.945433549940915,10,-3.1904707573116355,55.94548564439422,null
39,-3.1904707573116355,55.94548564439422,20,-3.1901888495254,55.94558825043722,null
40,-3.1901888495254,55.94558825043722,10,-3.189893407199496,55.94564034489052,null
41,-3.189893407199496,55.94564034489052,20,-3.1896114994132603,55.94574295093352,null
42,-3.1896114994132603,55.94574295093352,340,-3.1893295916270246,55.94564034489052,museum.spicy.horns
43,-3.1893295916270246,55.94564034489052,270,-3.1893295916270246,55.94534034489052,null
44,-3.1893295916270246,55.94534034489052,300,-3.1891795916270245,55.945080537269384,number.exist.rate
45,-3.1891795916270245,55.945080537269384,30,-3.188919784005889,55.94523053726938,null
46,-3.188919784005889,55.94523053726938,30,-3.1886599763847534,55.94538053726938,null
47,-3.1886599763847534,55.94538053726938,20,-3.1883780685985177,55.94548314331238,skills.less.herb
48,-3.1883780685985177,55.94548314331238,110,-3.1884806746415153,55.94576505109862,null
49,-3.1884806746415153,55.94576505109862,110,-3.188583280684513,55.94604695888486,boost.radar.stress
50,-3.188583280684513,55.94604695888486,330,-3.1883234730633774,55.94589695888486,null
51,-3.1883234730633774,55.94589695888486,330,-3.188063665442242,55.94574695888486,null
52,-3.188063665442242,55.94574695888486,350,-3.187768223116338,55.94569486443156,null
53,-3.187768223116338,55.94569486443156,350,-3.187472780790434,55.94564276997826,null
54,-3.187472780790434,55.94564276997826,350,-3.1871773384645303,55.945590675524954,null
55,-3.1871773384645303,55.945590675524954,330,-3.186917530843395,55.94544067552496,spent.spoon.bolt
56,-3.186917530843395,55.94544067552496,310,-3.186724694560489,55.94521086219202,null
57,-3.186724694560489,55.94521086219202,300,-3.186574694560489,55.944951054570886,laws.merit.bleak
58,-3.186574694560489,55.944951054570886,290,-3.1864720885174913,55.94466914678465,null
59,-3.1864720885174913,55.94466914678465,200,-3.186753996303727,55.94456654074165,artist.gets.react
60,-3.186753996303727,55.94456654074165,10,-3.186458553977823,55.94461863519495,null
61,-3.186458553977823,55.94461863519495,330,-3.1861987463566876,55.94446863519495,null
62,-3.1861987463566876,55.94446863519495,260,-3.1862508408099877,55.944173192869044,null
63,-3.1862508408099877,55.944173192869044,210,-3.186510648431123,55.94402319286905,lime.learns.front
64,-3.186510648431123,55.94402319286905,30,-3.1862508408099877,55.944173192869044,organs.shape.fantastic
65,-3.1862508408099877,55.944173192869044,310,-3.186058004527082,55.94394337953611,teams.mild.played
66,-3.186058004527082,55.94394337953611,340,-3.185776096740846,55.94384077349311,null
67,-3.185776096740846,55.94384077349311,30,-3.1855162891197106,55.943990773493105,manliness.poem.cliff
68,-3.1855162891197106,55.943990773493105,320,-3.185286475786775,55.9437979372102,hello.love.keys
69,-3.185286475786775,55.9437979372102,90,-3.185286475786775,55.9440979372102,null
70,-3.185286475786775,55.9440979372102,80,-3.185234381333475,55.94439337953611,acid.chair.butter
71,-3.185234381333475,55.94439337953611,50,-3.185041545050569,55.944623192869045,slide.leads.stores
72,-3.185041545050569,55.944623192869045,90,-3.185041545050569,55.94492319286905,null
73,-3.185041545050569,55.94492319286905,90,-3.185041545050569,55.94522319286905,null
74,-3.185041545050569,55.94522319286905,90,-3.185041545050569,55.945523192869054,null
75,-3.185041545050569,55.945523192869054,90,-3.185041545050569,55.94582319286906,rider.aura.bulb
76,-3.185041545050569,55.94582319286906,180,-3.1853415450505693,55.94582319286906,null
77,-3.1853415450505693,55.94582319286906,180,-3.1856415450505695,55.94582319286906,null
78,-3.1856415450505695,55.94582319286906,190,-3.1859369873764734,55.945771098415754,null
79,-3.1859369873764734,55.945771098415754,180,-3.1862369873764735,55.945771098415754,posts.kicked.universally
80,-3.1862369873764735,55.945771098415754,250,-3.186339593419471,55.945489190629516,null
81,-3.186339593419471,55.945489190629516,250,-3.1864421994624688,55.94520728284328,null
82,-3.1864421994624688,55.94520728284328,260,-3.1864942939157688,55.94491184051737,null
83,-3.1864942939157688,55.94491184051737,210,-3.1867541015369043,55.94476184051737,null
84,-3.1867541015369043,55.94476184051737,210,-3.18701390915804,55.944611840517375,null
85,-3.18701390915804,55.944611840517375,210,-3.1872737167791754,55.94446184051738,null
86,-3.1872737167791754,55.94446184051738,250,-3.187376322822173,55.94417993273114,null
87,-3.187376322822173,55.94417993273114,250,-3.1874789288651706,55.9438980249449,begins.spider.drips
88,-3.1874789288651706,55.9438980249449,290,-3.187376322822173,55.94361611715866,shut.stands.media
89,-3.187376322822173,55.94361611715866,220,-3.1876061361551087,55.943423280875756,null
90,-3.1876061361551087,55.943423280875756,220,-3.1878359494880444,55.94323044459285,gums.clock.modes
91,-3.1878359494880444,55.94323044459285,350,-3.1875405071621405,55.94317835013955,null
92,-3.1875405071621405,55.94317835013955,350,-3.1872450648362367,55.943126255686245,null
93,-3.1872450648362367,55.943126255686245,350,-3.186949622510333,55.94307416123294,null
94,-3.186949622510333,55.94307416123294,350,-3.186654180184429,55.94302206677964,null
95,-3.186654180184429,55.94302206677964,350,-3.186358737858525,55.94296997232634,hers.banks.goat
96,-3.186358737858525,55.94296997232634,170,-3.186654180184429,55.94302206677964,null
97,-3.186654180184429,55.94302206677964,130,-3.186847016467335,55.94325188011258,null
98,-3.186847016467335,55.94325188011258,130,-3.1870398527502406,55.94348169344551,null
99,-3.1870398527502406,55.94348169344551,130,-3.1872326890331464,55.94371150677845,null
100,-3.1872326890331464,55.94371150677845,130,-3.187425525316052,55.943941320111385,null
101,-3.187425525316052,55.943941320111385,120,-3.1875755253160523,55.94420112773252,null
102,-3.1875755253160523,55.94420112773252,140,-3.187805338648988,55.944393964015426,null
