1,-3.1878,55.9444,240,-3.1879500000000003,55.94414019237887,null
2,-3.1879500000000003,55.94414019237887,240,-3.1881000000000004,55.94388038475773,cubs.trucks.help
3,-3.1881000000000004,55.94388038475773,200,-3.188381907786236,55.94377777871473,null
4,-3.188381907786236,55.94377777871473,190,-3.18867735011214,55.94372568426143,labels.hotels.alert
5,-3.18867735011214,55.94372568426143,280,-3.18862525565884,55.94343024193552,null
6,-3.18862525565884,55.94343024193552,270,-3.18862525565884,55.94313024193552,groups.ideas.script
7,-3.18862525565884,55.94313024193552,170,-3.1889206979847438,55.94318233638882,null
8,-3.1889206979847438,55.94318233638882,170,-3.1892161403106476,55.943234430842125,rents.cone.stove
9,-3.1892161403106476,55.943234430842125,230,-3.1894089765935534,55.94300461750919,null
10,-3.1894089765935534,55.94300461750919,190,-3.189704418919457,55.94295252305589,null
11,-3.189704418919457,55.94295252305589,260,-3.1897565133727572,55.94265708072998,hooked.shine.third
12,-3.1897565133727572,55.94265708072998,110,-3.189859119415755,55.94293898851622,null
13,-3.189859119415755,55.94293898851622,130,-3.1900519556986606,55.943168801849154,shows.fries.lamp
14,-3.1900519556986606,55.943168801849154,120,-3.1902019556986607,55.94342860947029,null
15,-3.1902019556986607,55.94342860947029,110,-3.1903045617416583,55.94371051725653,null
16,-3.1903045617416583,55.94371051725653,120,-3.1904545617416584,55.94397032487766,pump.wheels.hulk
17,-3.1904545617416584,55.94397032487766,190,-3.1907500040675623,55.94391823042436,null
18,-3.1907500040675623,55.94391823042436,180,-3.1910500040675625,55.94391823042436,spicy.bunch.shady
19,-3.1910500040675625,55.94391823042436,260,-3.1911020985208625,55.94362278809845,loaf.cheer.slave
20,-3.1911020985208625,55.94362278809845,240,-3.1912520985208626,55.94336298047732,null
21,-3.1912520985208626,55.94336298047732,290,-3.191149492477865,55.94308107269108,else.urban.museum
22,-3.191149492477865,55.94308107269108,270,-3.191149492477865,55.942781072691076,along.spill.limp
23,-3.191149492477865,55.942781072691076,90,-3.191149492477865,55.94308107269108,null
24,-3.191149492477865,55.94308107269108,90,-3.191149492477865,55.94338107269108,null
25,-3.191149492477865,55.94338107269108,90,-3.191149492477865,55.943681072691085,null
26,-3.191149492477865,55.943681072691085,90,-3.191149492477865,55.94398107269109,null
27,-3.191149492477865,55.94398107269109,80,-3.191097398024565,55.944276515016995,null
28,-3.191097398024565,55.944276515016995,90,-3.191097398024565,55.944576515017,estate.gave.votes
29,-3.191097398024565,55.944576515017,80,-3.191045303571265,55.944871957342905,shapes.sheep.nature
30,-3.191045303571265,55.944871957342905,90,-3.191045303571265,55.94517195734291,maple.limit.hotels
31,-3.191045303571265,55.94517195734291,20,-3.190763395785029,55.94527456338591,null
32,-3.190763395785029,55.94527456338591,20,-3.1904814879987935,55.94537716942891,jump.crop.fits
33,-3.1904814879987935,55.94537716942891,60,-3.1903314879987934,55.94563697705004,null
34,-3.1903314879987934,55.94563697705004,70,-3.190228881955796,55.94591888483628,null
35,-3.190228881955796,55.94591888483628,20,-3.18994697416956,55.94602149087928,love.behind.orchestra
36,-3.18994697416956,55.94602149087928,340,-3.1896650663833244,55.94591888483628,null
37,-3.1896650663833244,55.94591888483628,10,-3.1893696240574205,55.945970979289584,coherent.saints.stuck
38,-3.1893696240574205,55.945970979289584,280,-3.1893175296041205,55.94567553696368,museum.spicy.horns
39,-3.1893175296041205,55.94567553696368,350,-3.1890220872782167,55.945623442510374,null
40,-3.1890220872782167,55.945623442510374,320,-3.188792273945281,55.94543060622747,shady.soft.phones
41,-3.188792273945281,55.94543060622747,50,-3.188599437662375,55.945660419560404,bend.tubes.chops
42,-3.188599437662375,55.945660419560404,330,-3.1883396300412397,55.94551041956041,skills.less.herb
43,-3.1883396300412397,55.94551041956041,120,-3.1884896300412398,55.94577022718154,null
44,-3.1884896300412398,55.94577022718154,100,-3.1885417244945398,55.94606566950745,boost.radar.stress
45,-3.1885417244945398,55.94606566950745,340,-3.188259816708304,55.94596306346445,null
46,-3.188259816708304,55.94596306346445,340,-3.1879779089220683,55.945860457421446,null
47,-3.1879779089220683,55.945860457421446,340,-3.1876960011358326,55.945757851378445,null
48,-3.1876960011358326,55.945757851378445,340,-3.187414093349597,55.945655245335445,null
49,-3.187414093349597,55.945655245335445,350,-3.187118651023693,55.94560315088214,null
50,-3.187118651023693,55.94560315088214,320,-3.1868888376907574,55.945410314599236,null
51,-3.1868888376907574,55.945410314599236,310,-3.1866960014078516,55.9451805012663,null
52,-3.1866960014078516,55.9451805012663,300,-3.1865460014078515,55.944920693645166,laws.merit.bleak
53,-3.1865460014078515,55.944920693645166,250,-3.186648607450849,55.94463878585893,artist.gets.react
54,-3.186648607450849,55.94463878585893,350,-3.1863531651249453,55.944586691405625,null
55,-3.1863531651249453,55.944586691405625,340,-3.1860712573387096,55.944484085362625,null
56,-3.1860712573387096,55.944484085362625,340,-3.185789349552474,55.944381479319624,atoms.vanish.foods
57,-3.185789349552474,55.944381479319624,280,-3.185737255099174,55.94408603699372,null
58,-3.185737255099174,55.94408603699372,270,-3.185737255099174,55.943786036993714,null
59,-3.185737255099174,55.943786036993714,280,-3.185685160645874,55.94349059466781,null
60,-3.185685160645874,55.94349059466781,280,-3.185633066192574,55.9431951523419,toned.deflection.bland
61,-3.185633066192574,55.9431951523419,210,-3.1858928738137093,55.9430451523419,null
62,-3.1858928738137093,55.9430451523419,220,-3.186122687146645,55.942852316058996,under.retire.bump
63,-3.186122687146645,55.942852316058996,160,-3.1864045949328808,55.942954922102,null
64,-3.1864045949328808,55.942954922102,160,-3.1866865027191165,55.943057528145,null
65,-3.1866865027191165,55.943057528145,160,-3.186968410505352,55.943160134188,null
66,-3.186968410505352,55.943160134188,140,-3.187198223838288,55.943352970470904,scale.chair.kinds
67,-3.187198223838288,55.943352970470904,120,-3.187348223838288,55.94361277809204,shut.stands.media
68,-3.187348223838288,55.94361277809204,80,-3.187296129384988,55.943908220417946,null
69,-3.187296129384988,55.943908220417946,80,-3.187244034931688,55.94420366274385,null
70,-3.187244034931688,55.94420366274385,80,-3.187191940478388,55.94449910506976,null
71,-3.187191940478388,55.94449910506976,30,-3.1869321328572524,55.94464910506976,null
72,-3.1869321328572524,55.94464910506976,20,-3.1866502250710167,55.94475171111276,null
73,-3.1866502250710167,55.94475171111276,50,-3.186457388788111,55.944981524445694,null
74,-3.186457388788111,55.944981524445694,60,-3.186307388788111,55.94524133206683,null
75,-3.186307388788111,55.94524133206683,60,-3.1861573887881107,55.94550113968796,null
76,-3.1861573887881107,55.94550113968796,60,-3.1860073887881106,55.9457609473091,null
77,-3.1860073887881106,55.9457609473091,50,-3.185814552505205,55.94599076064203,renew.slows.basket
78,-3.185814552505205,55.94599076064203,50,-3.185621716222299,55.94622057397497,null
79,-3.185621716222299,55.94622057397497,340,-3.1853398084360633,55.94611796793197,prime.rent.silk
80,-3.1853398084360633,55.94611796793197,330,-3.185080000814928,55.94596796793197,null
81,-3.185080000814928,55.94596796793197,290,-3.18497739477193,55.94568606014573,null
82,-3.18497739477193,55.94568606014573,320,-3.1847475814389945,55.945493223862826,null
83,-3.1847475814389945,55.945493223862826,320,-3.184517768106059,55.94530038757992,settle.title.united
84,-3.184517768106059,55.94530038757992,170,-3.1848132104319626,55.94535248203322,null
85,-3.1848132104319626,55.94535248203322,180,-3.185113210431963,55.94535248203322,null
86,-3.185113210431963,55.94535248203322,170,-3.1854086527578667,55.945404576486524,null
87,-3.1854086527578667,55.945404576486524,170,-3.1857040950837705,55.945456670939826,null
88,-3.1857040950837705,55.945456670939826,170,-3.1859995374096743,55.94550876539313,null
89,-3.1859995374096743,55.94550876539313,180,-3.1862995374096745,55.94550876539313,null
90,-3.1862995374096745,55.94550876539313,170,-3.1865949797355784,55.94556085984643,null
91,-3.1865949797355784,55.94556085984643,180,-3.1868949797355786,55.94556085984643,null
92,-3.1868949797355786,55.94556085984643,170,-3.1871904220614824,55.94561295429973,null
93,-3.1871904220614824,55.94561295429973,180,-3.1874904220614826,55.94561295429973,null
94,-3.1874904220614826,55.94561295429973,180,-3.1877904220614828,55.94561295429973,null
95,-3.1877904220614828,55.94561295429973,180,-3.188090422061483,55.94561295429973,null
96,-3.188090422061483,55.94561295429973,180,-3.188390422061483,55.94561295429973,null
97,-3.188390422061483,55.94561295429973,180,-3.1886904220614833,55.94561295429973,null
98,-3.1886904220614833,55.94561295429973,180,-3.1889904220614835,55.94561295429973,null
99,-3.1889904220614835,55.94561295429973,180,-3.1892904220614837,55.94561295429973,null
100,-3.1892904220614837,55.94561295429973,180,-3.189590422061484,55.94561295429973,null
101,-3.189590422061484,55.94561295429973,180,-3.189890422061484,55.94561295429973,null
102,-3.189890422061484,55.94561295429973,160,-3.19017232984772,55.945715560342734,null
103,-3.19017232984772,55.945715560342734,180,-3.19047232984772,55.945715560342734,null
104,-3.19047232984772,55.945715560342734,160,-3.1907542376339557,55.945818166385735,null
105,-3.1907542376339557,55.945818166385735,180,-3.191054237633956,55.945818166385735,null
106,-3.191054237633956,55.945818166385735,180,-3.191354237633956,55.945818166385735,null
107,-3.191354237633956,55.945818166385735,180,-3.1916542376339563,55.945818166385735,null
108,-3.1916542376339563,55.945818166385735,140,-3.191884050966892,55.94601100266864,stone.undulation.poems
109,-3.191884050966892,55.94601100266864,340,-3.1916021431806563,55.94590839662564,null
110,-3.1916021431806563,55.94590839662564,340,-3.1913202353944206,55.94580579058264,null
111,-3.1913202353944206,55.94580579058264,340,-3.191038327608185,55.94570318453964,null
112,-3.191038327608185,55.94570318453964,340,-3.190756419821949,55.94560057849664,null
113,-3.190756419821949,55.94560057849664,340,-3.1904745120357134,55.94549797245364,null
114,-3.1904745120357134,55.94549797245364,340,-3.1901926042494777,55.94539536641064,null
115,-3.1901926042494777,55.94539536641064,330,-3.189932796628342,55.94524536641064,null
116,-3.189932796628342,55.94524536641064,340,-3.1896508888421065,55.94514276036764,null
117,-3.1896508888421065,55.94514276036764,340,-3.1893689810558707,55.94504015432464,null
118,-3.1893689810558707,55.94504015432464,340,-3.189087073269635,55.94493754828164,null
119,-3.189087073269635,55.94493754828164,340,-3.1888051654833993,55.944834942238636,null
120,-3.1888051654833993,55.944834942238636,340,-3.1885232576971636,55.944732336195635,null
121,-3.1885232576971636,55.944732336195635,340,-3.188241349910928,55.944629730152634,null
122,-3.188241349910928,55.944629730152634,330,-3.1879815422897924,55.944479730152636,null
