1,-3.1878,55.9444,60,-3.18765,55.94414019237887,bound.ends.matter
2,-3.18765,55.94414019237887,60,-3.1875,55.94388038475773,begins.spider.drips
3,-3.1875,55.94388038475773,60,-3.18735,55.9436205771366,shut.stands.media
4,-3.18735,55.9436205771366,50,-3.187157163717094,55.943850390469535,renew.ears.tend
5,-3.187157163717094,55.943850390469535,20,-3.1868752559308584,55.943952996512536,null
6,-3.1868752559308584,55.943952996512536,20,-3.1865933481446227,55.94405560255554,lime.learns.front
7,-3.1865933481446227,55.94405560255554,170,-3.1868887904705265,55.944003508102234,null
8,-3.1868887904705265,55.944003508102234,130,-3.1870816267534323,55.94423332143517,null
9,-3.1870816267534323,55.94423332143517,130,-3.187274463036338,55.94446313476811,only.fairly.rift
10,-3.187274463036338,55.94446313476811,40,-3.1870446497034024,55.94465597105101,null
11,-3.1870446497034024,55.94465597105101,0,-3.186744649703402,55.94465597105101,null
12,-3.186744649703402,55.94465597105101,50,-3.1865518134204964,55.94488578438395,null
13,-3.1865518134204964,55.94488578438395,120,-3.1867018134204965,55.94514559200508,dragon.bottle.crisp
14,-3.1867018134204965,55.94514559200508,130,-3.1868946497034023,55.94537540533802,spent.spoon.bolt
15,-3.1868946497034023,55.94537540533802,60,-3.186744649703402,55.945635212959154,hidden.handle.softly
16,-3.186744649703402,55.945635212959154,20,-3.1864627419171665,55.945737819002154,null
17,-3.1864627419171665,55.945737819002154,20,-3.186180834130931,55.945840425045155,null
18,-3.186180834130931,55.945840425045155,30,-3.1859210265097953,55.94599042504515,renew.slows.basket
19,-3.1859210265097953,55.94599042504515,40,-3.1856912131768595,55.94579758876225,shed.desire.muddy
20,-3.1856912131768595,55.94579758876225,90,-3.1856912131768595,55.945497588762244,null
21,-3.1856912131768595,55.945497588762244,80,-3.1856391187235595,55.94520214643634,null
22,-3.1856391187235595,55.94520214643634,120,-3.1857891187235596,55.9449423388152,null
23,-3.1857891187235596,55.9449423388152,70,-3.185686512680562,55.944660431028964,null
24,-3.185686512680562,55.944660431028964,90,-3.185686512680562,55.94436043102896,atoms.vanish.foods
25,-3.185686512680562,55.94436043102896,70,-3.1855839066375644,55.94407852324272,manliness.poem.cliff
26,-3.1855839066375644,55.94407852324272,50,-3.1853910703546586,55.94384870990979,null
27,-3.1853910703546586,55.94384870990979,30,-3.185131262733523,55.94369870990979,hello.love.keys
28,-3.185131262733523,55.94369870990979,50,-3.1849384264506173,55.943928523242725,null
29,-3.1849384264506173,55.943928523242725,10,-3.1846429841247135,55.94387642878942,rider.mile.lime
30,-3.1846429841247135,55.94387642878942,100,-3.1846950785780135,55.943580986463516,null
31,-3.1846950785780135,55.943580986463516,100,-3.1847471730313135,55.94328554413761,brings.remedy.latter
32,-3.1847471730313135,55.94328554413761,170,-3.1850426153572173,55.94323344968431,null
33,-3.1850426153572173,55.94323344968431,160,-3.185324523143453,55.943130843641306,null
34,-3.185324523143453,55.943130843641306,170,-3.185619965469357,55.943078749188004,toned.deflection.bland
35,-3.185619965469357,55.943078749188004,80,-3.185567871016057,55.9427833068621,dent.shins.cycle
36,-3.185567871016057,55.9427833068621,160,-3.1858497788022926,55.9428859129051,null
37,-3.1858497788022926,55.9428859129051,160,-3.1861316865885283,55.9429885189481,null
38,-3.1861316865885283,55.9429885189481,170,-3.186427128914432,55.9430406134014,null
39,-3.186427128914432,55.9430406134014,170,-3.186722571240336,55.9430927078547,null
40,-3.186722571240336,55.9430927078547,160,-3.1870044790265717,55.943195313897704,null
41,-3.1870044790265717,55.943195313897704,160,-3.1872863868128074,55.943297919940704,null
42,-3.1872863868128074,55.943297919940704,160,-3.187568294599043,55.943400525983705,null
43,-3.187568294599043,55.943400525983705,170,-3.187863736924947,55.94345262043701,scare.cubs.resort
44,-3.187863736924947,55.94345262043701,130,-3.1880565732078527,55.94368243376994,cubs.trucks.help
45,-3.1880565732078527,55.94368243376994,160,-3.1883384809940885,55.94357982772694,null
46,-3.1883384809940885,55.94357982772694,150,-3.188598288615224,55.943429827726945,system.speak.guard
47,-3.188598288615224,55.943429827726945,140,-3.1888281019481597,55.94362266400985,labels.hotels.alert
48,-3.1888281019481597,55.94362266400985,110,-3.1889307079911573,55.94390457179609,noted.friday.jams
49,-3.1889307079911573,55.94390457179609,130,-3.189123544274063,55.944134385129026,spoon.invest.every
50,-3.189123544274063,55.944134385129026,140,-3.189353357606999,55.94394154884612,null
51,-3.189353357606999,55.94394154884612,160,-3.1896352653932345,55.94383894280312,burn.spot.across
52,-3.1896352653932345,55.94383894280312,140,-3.18986507872617,55.94364610652021,null
53,-3.18986507872617,55.94364610652021,150,-3.1901248863473057,55.943496106520215,arts.dish.scarcely
54,-3.1901248863473057,55.943496106520215,150,-3.1903846939684413,55.94334610652022,null
55,-3.1903846939684413,55.94334610652022,140,-3.190614507301377,55.94315327023731,relate.chill.vest
56,-3.190614507301377,55.94315327023731,80,-3.190562412848077,55.9428578279114,tonic.bliss.cove
57,-3.190562412848077,55.9428578279114,30,-3.1903026052269414,55.942707827911406,null
58,-3.1903026052269414,55.942707827911406,20,-3.1900206974407057,55.942810433954406,null
59,-3.1900206974407057,55.942810433954406,30,-3.18976088981957,55.94266043395441,hooked.shine.third
60,-3.18976088981957,55.94266043395441,80,-3.18970879536627,55.942955876280315,null
61,-3.18970879536627,55.942955876280315,80,-3.18965670091297,55.94325131860622,null
62,-3.18965670091297,55.94325131860622,70,-3.1895540948699725,55.94353322639246,null
63,-3.1895540948699725,55.94353322639246,80,-3.1895020004166725,55.94382866871837,null
64,-3.1895020004166725,55.94382866871837,80,-3.1894499059633725,55.944124111044275,null
65,-3.1894499059633725,55.944124111044275,70,-3.189347299920375,55.94440601883051,null
66,-3.189347299920375,55.94440601883051,80,-3.189295205467075,55.94470146115642,null
67,-3.189295205467075,55.94470146115642,70,-3.1891925994240773,55.94498336894266,number.exist.rate
68,-3.1891925994240773,55.94498336894266,70,-3.1890899933810797,55.9452652767289,null
69,-3.1890899933810797,55.9452652767289,70,-3.188987387338082,55.945547184515135,stops.else.chats
70,-3.188987387338082,55.945547184515135,170,-3.189282829663986,55.94549509006183,null
71,-3.189282829663986,55.94549509006183,180,-3.189582829663986,55.94549509006183,null
72,-3.189582829663986,55.94549509006183,170,-3.18987827198989,55.94544299560853,null
73,-3.18987827198989,55.94544299560853,180,-3.19017827198989,55.94544299560853,null
74,-3.19017827198989,55.94544299560853,180,-3.1904782719898903,55.94544299560853,null
75,-3.1904782719898903,55.94544299560853,180,-3.1907782719898905,55.94544299560853,null
76,-3.1907782719898905,55.94544299560853,150,-3.191038079611026,55.94529299560853,null
77,-3.191038079611026,55.94529299560853,170,-3.19133352193693,55.945345090061835,null
78,-3.19133352193693,55.945345090061835,150,-3.1915933295580654,55.94519509006184,hills.feels.tunes
79,-3.1915933295580654,55.94519509006184,110,-3.191695935601063,55.945476997848075,null
80,-3.191695935601063,55.945476997848075,130,-3.191888771883969,55.94570681118101,null
81,-3.191888771883969,55.94570681118101,90,-3.191888771883969,55.946006811181014,stone.undulation.poems
82,-3.191888771883969,55.946006811181014,30,-3.1916289642628333,55.94585681118102,null
83,-3.1916289642628333,55.94585681118102,30,-3.1913691566416977,55.94570681118102,null
84,-3.1913691566416977,55.94570681118102,30,-3.191109349020562,55.94555681118102,null
85,-3.191109349020562,55.94555681118102,30,-3.1908495413994267,55.94540681118102,null
86,-3.1908495413994267,55.94540681118102,20,-3.190567633613191,55.94530420513802,null
87,-3.190567633613191,55.94530420513802,30,-3.1903078259920554,55.945154205138024,null
88,-3.1903078259920554,55.945154205138024,20,-3.1900259182058197,55.945051599095024,null
89,-3.1900259182058197,55.945051599095024,10,-3.189730475879916,55.94499950464172,null
90,-3.189730475879916,55.94499950464172,10,-3.189435033554012,55.94494741018842,null
91,-3.189435033554012,55.94494741018842,30,-3.1891752259328765,55.94479741018842,null
92,-3.1891752259328765,55.94479741018842,30,-3.188915418311741,55.94464741018842,null
93,-3.188915418311741,55.94464741018842,30,-3.1886556106906054,55.944497410188426,null
94,-3.1886556106906054,55.944497410188426,10,-3.1883601683647016,55.94454950464173,null
95,-3.1883601683647016,55.94454950464173,0,-3.1880601683647014,55.94454950464173,null
96,-3.1880601683647014,55.94454950464173,30,-3.187800360743566,55.94439950464173,null
