1,-3.1878,55.9444,40,-3.1875701866670645,55.94459283628291,null
2,-3.1875701866670645,55.94459283628291,20,-3.1872882788808288,55.94449023023991,only.fairly.rift
3,-3.1872882788808288,55.94449023023991,30,-3.1870284712596932,55.944640230239905,null
4,-3.1870284712596932,55.944640230239905,10,-3.1867330289337894,55.9445881357866,artist.gets.react
5,-3.1867330289337894,55.9445881357866,50,-3.1865401926508836,55.94481794911954,null
6,-3.1865401926508836,55.94481794911954,110,-3.1866427986938812,55.94509985690578,dragon.bottle.crisp
7,-3.1866427986938812,55.94509985690578,60,-3.186492798693881,55.94535966452691,null
8,-3.186492798693881,55.94535966452691,60,-3.186342798693881,55.945619472148046,posts.kicked.universally
9,-3.186342798693881,55.945619472148046,10,-3.186047356367977,55.94567156660135,null
10,-3.186047356367977,55.94567156660135,10,-3.1857519140420734,55.94572366105465,shed.desire.muddy
11,-3.1857519140420734,55.94572366105465,70,-3.1856493079990758,55.94544175326841,null
12,-3.1856493079990758,55.94544175326841,60,-3.1854993079990757,55.94518194564728,null
13,-3.1854993079990757,55.94518194564728,70,-3.185396701956078,55.94490003786104,null
14,-3.185396701956078,55.94490003786104,60,-3.185246701956078,55.944640230239905,acid.chair.butter
15,-3.185246701956078,55.944640230239905,30,-3.1849868943349424,55.9447902302399,null
16,-3.1849868943349424,55.9447902302399,40,-3.1847570810020067,55.94498306652281,null
17,-3.1847570810020067,55.94498306652281,10,-3.184461638676103,55.94493097206951,sports.topic.clocks
18,-3.184461638676103,55.94493097206951,130,-3.1846544749590087,55.94470115873657,null
19,-3.1846544749590087,55.94470115873657,130,-3.1848473112419144,55.944471345403635,null
20,-3.1848473112419144,55.944471345403635,130,-3.1850401475248202,55.9442415320707,null
21,-3.1850401475248202,55.9442415320707,120,-3.1851901475248203,55.943981724449564,null
22,-3.1851901475248203,55.943981724449564,80,-3.1851380530715203,55.94368628212366,hello.love.keys
23,-3.1851380530715203,55.94368628212366,120,-3.1852880530715204,55.94342647450252,null
24,-3.1852880530715204,55.94342647450252,110,-3.185390659114518,55.943144566716285,null
25,-3.185390659114518,55.943144566716285,120,-3.185540659114518,55.94288475909515,dent.shins.cycle
26,-3.185540659114518,55.94288475909515,170,-3.185836101440422,55.94283266464185,null
27,-3.185836101440422,55.94283266464185,170,-3.186131543766326,55.942780570188546,under.retire.bump
28,-3.186131543766326,55.942780570188546,90,-3.186131543766326,55.94308057018855,null
29,-3.186131543766326,55.94308057018855,80,-3.186079449313026,55.943376012514456,null
30,-3.186079449313026,55.943376012514456,100,-3.186131543766326,55.94367145484036,null
31,-3.186131543766326,55.94367145484036,100,-3.186183638219626,55.94396689716627,null
32,-3.186183638219626,55.94396689716627,70,-3.186081032176628,55.94424880495251,organs.shape.fantastic
33,-3.186081032176628,55.94424880495251,150,-3.1863408397977637,55.94409880495251,null
34,-3.1863408397977637,55.94409880495251,170,-3.1866362821236676,55.94404671049921,null
35,-3.1866362821236676,55.94404671049921,160,-3.1869181899099033,55.94394410445621,null
36,-3.1869181899099033,55.94394410445621,160,-3.187200097696139,55.94384149841321,null
37,-3.187200097696139,55.94384149841321,170,-3.187495540022043,55.94389359286651,begins.spider.drips
38,-3.187495540022043,55.94389359286651,120,-3.187645540022043,55.943633785245375,null
39,-3.187645540022043,55.943633785245375,120,-3.187795540022043,55.94337397762424,gums.clock.modes
40,-3.187795540022043,55.94337397762424,140,-3.1880253533549787,55.94356681390715,null
41,-3.1880253533549787,55.94356681390715,90,-3.1880253533549787,55.94386681390715,null
42,-3.1880253533549787,55.94386681390715,140,-3.1882551666879144,55.944059650190056,rush.crown.link
43,-3.1882551666879144,55.944059650190056,170,-3.1885506090138183,55.94400755573675,null
44,-3.1885506090138183,55.94400755573675,170,-3.188846051339722,55.94395546128345,noted.friday.jams
45,-3.188846051339722,55.94395546128345,140,-3.189075864672658,55.94414829756636,spoon.invest.every
46,-3.189075864672658,55.94414829756636,110,-3.1891784707156554,55.94386638978012,null
47,-3.1891784707156554,55.94386638978012,110,-3.189281076758653,55.94358448199388,null
48,-3.189281076758653,55.94358448199388,110,-3.1893836828016506,55.94330257420764,rents.cone.stove
49,-3.1893836828016506,55.94330257420764,170,-3.1896791251275545,55.94325047975434,null
50,-3.1896791251275545,55.94325047975434,170,-3.1899745674534583,55.94319838530104,shows.fries.lamp
51,-3.1899745674534583,55.94319838530104,50,-3.1897817311705525,55.9429685719681,null
52,-3.1897817311705525,55.9429685719681,90,-3.1897817311705525,55.9426685719681,hooked.shine.third
53,-3.1897817311705525,55.9426685719681,140,-3.1900115445034882,55.942861408251005,null
54,-3.1900115445034882,55.942861408251005,160,-3.190293452289724,55.942758802208004,null
55,-3.190293452289724,55.942758802208004,170,-3.190588894615628,55.94281089666131,tonic.bliss.cove
56,-3.190588894615628,55.94281089666131,120,-3.190738894615628,55.94307070428244,relate.chill.vest
57,-3.190738894615628,55.94307070428244,110,-3.1908415006586255,55.94335261206868,null
58,-3.1908415006586255,55.94335261206868,120,-3.1909915006586256,55.94361241968981,null
59,-3.1909915006586256,55.94361241968981,110,-3.191094106701623,55.94389432747605,spicy.bunch.shady
60,-3.191094106701623,55.94389432747605,110,-3.191196712744621,55.94417623526229,null
61,-3.191196712744621,55.94417623526229,60,-3.1910467127446207,55.944436042883424,paying.crowd.weep
62,-3.1910467127446207,55.944436042883424,90,-3.1910467127446207,55.94473604288343,estate.gave.votes
63,-3.1910467127446207,55.94473604288343,120,-3.191196712744621,55.94499585050456,null
64,-3.191196712744621,55.94499585050456,50,-3.191003876461715,55.9452256638375,maple.limit.hotels
65,-3.191003876461715,55.9452256638375,20,-3.1907219686754793,55.9453282698805,null
66,-3.1907219686754793,55.9453282698805,20,-3.1904400608892436,55.9454308759235,null
67,-3.1904400608892436,55.9454308759235,20,-3.190158153103008,55.9455334819665,null
68,-3.190158153103008,55.9455334819665,10,-3.189862710777104,55.9454813875132,turkey.limit.ramp
69,-3.189862710777104,55.9454813875132,0,-3.189562710777104,55.9454813875132,null
70,-3.189562710777104,55.9454813875132,40,-3.189332897444168,55.945674223796104,museum.spicy.horns
71,-3.189332897444168,55.945674223796104,100,-3.189384991897468,55.94596966612201,coherent.saints.stuck
72,-3.189384991897468,55.94596966612201,40,-3.1891551785645325,55.945776829839104,null
73,-3.1891551785645325,55.945776829839104,40,-3.1889253652315968,55.9455839935562,shady.soft.phones
74,-3.1889253652315968,55.9455839935562,50,-3.188732528948691,55.945813806889134,null
75,-3.188732528948691,55.945813806889134,50,-3.188539692665785,55.94604362022207,boost.radar.stress
76,-3.188539692665785,55.94604362022207,0,-3.188239692665785,55.94604362022207,null
77,-3.188239692665785,55.94604362022207,10,-3.187944250339881,55.94599152576877,null
78,-3.187944250339881,55.94599152576877,20,-3.1876623425536454,55.94609413181177,null
79,-3.1876623425536454,55.94609413181177,30,-3.18740253493251,55.94594413181177,slips.mass.baking
80,-3.18740253493251,55.94594413181177,120,-3.18755253493251,55.94568432419064,null
81,-3.18755253493251,55.94568432419064,150,-3.1878123425536455,55.94553432419064,null
82,-3.1878123425536455,55.94553432419064,160,-3.1880942503398813,55.94543171814764,null
83,-3.1880942503398813,55.94543171814764,110,-3.188196856382879,55.9451498103614,null
84,-3.188196856382879,55.9451498103614,110,-3.1882994624258765,55.94486790257516,null
85,-3.1882994624258765,55.94486790257516,90,-3.1882994624258765,55.94456790257516,null
86,-3.1882994624258765,55.94456790257516,90,-3.1882994624258765,55.944267902575156,null
87,-3.1882994624258765,55.944267902575156,110,-3.188402068468874,55.94398599478892,null
88,-3.188402068468874,55.94398599478892,110,-3.1885046745118717,55.94370408700268,null
89,-3.1885046745118717,55.94370408700268,110,-3.1886072805548693,55.94342217921644,null
90,-3.1886072805548693,55.94342217921644,90,-3.1886072805548693,55.94312217921644,groups.ideas.script
91,-3.1886072805548693,55.94312217921644,150,-3.188867088176005,55.943272179216436,null
92,-3.188867088176005,55.943272179216436,150,-3.1891268957971404,55.943422179216434,null
93,-3.1891268957971404,55.943422179216434,150,-3.189386703418276,55.94357217921643,null
94,-3.189386703418276,55.94357217921643,150,-3.1896465110394114,55.94372217921643,null
95,-3.1896465110394114,55.94372217921643,150,-3.189906318660547,55.94387217921643,null
96,-3.189906318660547,55.94387217921643,150,-3.1901661262816825,55.944022179216425,null
97,-3.1901661262816825,55.944022179216425,150,-3.190425933902818,55.94417217921642,null
98,-3.190425933902818,55.94417217921642,150,-3.1906857415239536,55.94432217921642,null
99,-3.1906857415239536,55.94432217921642,150,-3.190945549145089,55.94447217921642,null
100,-3.190945549145089,55.94447217921642,150,-3.1912053567662246,55.94462217921642,null
101,-3.1912053567662246,55.94462217921642,150,-3.19146516438736,55.944772179216415,null
102,-3.19146516438736,55.944772179216415,140,-3.191694977720296,55.94496501549932,null
103,-3.191694977720296,55.94496501549932,140,-3.1919247910532316,55.94515785178223,null
104,-3.1919247910532316,55.94515785178223,170,-3.1922202333791354,55.945105757328925,useful.hike.trades
105,-3.1922202333791354,55.945105757328925,10,-3.1919247910532316,55.94505366287562,null
106,-3.1919247910532316,55.94505366287562,10,-3.1916293487273277,55.94500156842232,null
107,-3.1916293487273277,55.94500156842232,10,-3.191333906401424,55.94494947396902,null
108,-3.191333906401424,55.94494947396902,10,-3.19103846407552,55.944897379515716,null
109,-3.19103846407552,55.944897379515716,10,-3.190743021749616,55.944845285062414,null
110,-3.190743021749616,55.944845285062414,10,-3.1904475794237124,55.94479319060911,null
111,-3.1904475794237124,55.94479319060911,0,-3.190147579423712,55.94479319060911,null
112,-3.190147579423712,55.94479319060911,10,-3.1898521370978083,55.94474109615581,null
113,-3.1898521370978083,55.94474109615581,10,-3.1895566947719045,55.94468900170251,null
114,-3.1895566947719045,55.94468900170251,10,-3.1892612524460007,55.944636907249205,null
115,-3.1892612524460007,55.944636907249205,10,-3.188965810120097,55.9445848127959,null
116,-3.188965810120097,55.9445848127959,10,-3.188670367794193,55.9445327183426,null
117,-3.188670367794193,55.9445327183426,0,-3.188370367794193,55.9445327183426,null
118,-3.188370367794193,55.9445327183426,0,-3.1880703677941926,55.9445327183426,null
119,-3.1880703677941926,55.9445327183426,30,-3.187810560173057,55.9443827183426,null
