1,-3.1878,55.9444,30,-3.1875401923788647,55.94455,null
2,-3.1875401923788647,55.94455,140,-3.1877700057118004,55.94435716371709,thank.salsa.brain
3,-3.1877700057118004,55.94435716371709,140,-3.187999819044736,55.94416432743419,null
4,-3.187999819044736,55.94416432743419,160,-3.1882817268309718,55.944061721391186,rush.crown.link
5,-3.1882817268309718,55.944061721391186,120,-3.188431726830972,55.94432152901232,trades.rare.cable
6,-3.188431726830972,55.94432152901232,60,-3.1882817268309718,55.944061721391186,null
7,-3.1882817268309718,55.944061721391186,60,-3.1881317268309717,55.94380191377005,cubs.trucks.help
8,-3.1881317268309717,55.94380191377005,60,-3.1879817268309716,55.94354210614892,scare.cubs.resort
9,-3.1879817268309716,55.94354210614892,170,-3.1882771691568754,55.943490011695616,null
10,-3.1882771691568754,55.943490011695616,170,-3.1885726114827793,55.94343791724231,system.speak.guard
11,-3.1885726114827793,55.94343791724231,130,-3.188765447765685,55.94366773057525,null
12,-3.188765447765685,55.94366773057525,130,-3.188958284048591,55.943897543908186,null
13,-3.188958284048591,55.943897543908186,120,-3.189108284048591,55.94415735152932,spoon.invest.every
14,-3.189108284048591,55.94415735152932,170,-3.1894037263744948,55.94410525707602,null
15,-3.1894037263744948,55.94410525707602,180,-3.189703726374495,55.94410525707602,cliff.asleep.wedge
16,-3.189703726374495,55.94410525707602,60,-3.189553726374495,55.94436506469715,null
17,-3.189553726374495,55.94436506469715,50,-3.189360890091589,55.94459487803009,null
18,-3.189360890091589,55.94459487803009,100,-3.189412984544889,55.944890320355995,null
19,-3.189412984544889,55.944890320355995,40,-3.1891831712119534,55.9450831566389,number.exist.rate
20,-3.1891831712119534,55.9450831566389,90,-3.1891831712119534,55.945383156638904,null
21,-3.1891831712119534,55.945383156638904,120,-3.1893331712119535,55.94564296426004,museum.spicy.horns
22,-3.1893331712119535,55.94564296426004,10,-3.1890377288860496,55.94569505871334,stops.else.chats
23,-3.1890377288860496,55.94569505871334,20,-3.188755821099814,55.94579766475634,null
24,-3.188755821099814,55.94579766475634,10,-3.18846037877391,55.94574557030304,bend.tubes.chops
25,-3.18846037877391,55.94574557030304,110,-3.1885629848169077,55.94602747808928,boost.radar.stress
26,-3.1885629848169077,55.94602747808928,150,-3.1888227924380432,55.94587747808928,null
27,-3.1888227924380432,55.94587747808928,150,-3.1890826000591788,55.94572747808928,null
28,-3.1890826000591788,55.94572747808928,140,-3.1893124133921145,55.945534641806375,null
29,-3.1893124133921145,55.945534641806375,150,-3.18957222101325,55.94538464180638,null
30,-3.18957222101325,55.94538464180638,160,-3.1898541287994857,55.94548724784938,turkey.limit.ramp
31,-3.1898541287994857,55.94548724784938,160,-3.1901360365857214,55.94538464180638,null
32,-3.1901360365857214,55.94538464180638,180,-3.1904360365857216,55.94538464180638,jump.crop.fits
33,-3.1904360365857216,55.94538464180638,140,-3.1906658499186573,55.945577478089284,null
34,-3.1906658499186573,55.945577478089284,140,-3.190895663251593,55.94577031437219,null
35,-3.190895663251593,55.94577031437219,140,-3.1911254765845287,55.945963150655096,simple.rust.audio
36,-3.1911254765845287,55.945963150655096,180,-3.191425476584529,55.945963150655096,null
37,-3.191425476584529,55.945963150655096,180,-3.191725476584529,55.945963150655096,stone.undulation.poems
38,-3.191725476584529,55.945963150655096,80,-3.191673382131229,55.94566770832919,null
39,-3.191673382131229,55.94566770832919,80,-3.191621287677929,55.94537226600328,hills.feels.tunes
40,-3.191621287677929,55.94537226600328,160,-3.191903195464165,55.94526965996028,null
41,-3.191903195464165,55.94526965996028,150,-3.1921630030853003,55.945119659960284,useful.hike.trades
42,-3.1921630030853003,55.945119659960284,50,-3.1919701668023945,55.94488984662735,null
43,-3.1919701668023945,55.94488984662735,50,-3.1917773305194888,55.94466003329441,null
44,-3.1917773305194888,55.94466003329441,50,-3.191584494236583,55.944430219961475,null
45,-3.191584494236583,55.944430219961475,50,-3.191391657953677,55.94420040662854,null
46,-3.191391657953677,55.94420040662854,50,-3.1911988216707714,55.9439705932956,spicy.bunch.shady
47,-3.1911988216707714,55.9439705932956,80,-3.1911467272174714,55.943675150969696,loaf.cheer.slave
48,-3.1911467272174714,55.943675150969696,90,-3.1911467272174714,55.94337515096969,null
49,-3.1911467272174714,55.94337515096969,90,-3.1911467272174714,55.94307515096969,null
50,-3.1911467272174714,55.94307515096969,90,-3.1911467272174714,55.94277515096969,along.spill.limp
51,-3.1911467272174714,55.94277515096969,10,-3.1908512848915676,55.942723056516385,null
52,-3.1908512848915676,55.942723056516385,20,-3.190569377105332,55.942825662559386,tonic.bliss.cove
53,-3.190569377105332,55.942825662559386,10,-3.190273934779428,55.942773568106084,null
54,-3.190273934779428,55.942773568106084,20,-3.1899920269931923,55.942876174149085,null
55,-3.1899920269931923,55.942876174149085,10,-3.1896965846672884,55.94282407969578,null
56,-3.1896965846672884,55.94282407969578,30,-3.189436777046153,55.94297407969578,null
57,-3.189436777046153,55.94297407969578,10,-3.189141334720249,55.94292198524248,null
58,-3.189141334720249,55.94292198524248,10,-3.1888458923943452,55.94297407969578,null
59,-3.1888458923943452,55.94297407969578,10,-3.1885504500684414,55.94302617414908,null
60,-3.1885504500684414,55.94302617414908,20,-3.1882685422822057,55.94292356810608,null
61,-3.1882685422822057,55.94292356810608,20,-3.18798663449597,55.94282096206308,null
62,-3.18798663449597,55.94282096206308,10,-3.187691192170066,55.94276886760978,panic.squad.danger
63,-3.187691192170066,55.94276886760978,50,-3.1874983558871604,55.942998680942715,null
64,-3.1874983558871604,55.942998680942715,50,-3.1873055196042546,55.94322849427565,scale.chair.kinds
65,-3.1873055196042546,55.94322849427565,10,-3.1870100772783507,55.94328058872895,null
66,-3.1870100772783507,55.94328058872895,20,-3.186728169492115,55.943383194771954,null
67,-3.186728169492115,55.943383194771954,10,-3.186432727166211,55.943435289225256,null
68,-3.186432727166211,55.943435289225256,10,-3.1861372848403073,55.94348738367856,null
69,-3.1861372848403073,55.94348738367856,10,-3.1858418425144035,55.94353947813186,record.sofa.sock
70,-3.1858418425144035,55.94353947813186,30,-3.185582034893268,55.94368947813186,null
71,-3.185582034893268,55.94368947813186,80,-3.185529940439968,55.943984920457765,manliness.poem.cliff
72,-3.185529940439968,55.943984920457765,160,-3.1858118482262037,55.944087526500766,null
73,-3.1858118482262037,55.944087526500766,150,-3.186071655847339,55.944237526500764,organs.shape.fantastic
74,-3.186071655847339,55.944237526500764,30,-3.1858118482262037,55.944087526500766,null
75,-3.1858118482262037,55.944087526500766,30,-3.185552040605068,55.94393752650077,null
76,-3.185552040605068,55.94393752650077,40,-3.1853222272721324,55.94374469021786,null
77,-3.1853222272721324,55.94374469021786,40,-3.1850924139391967,55.943551853934956,sentences.sings.modern
78,-3.1850924139391967,55.943551853934956,50,-3.184899577656291,55.94332204060202,brings.remedy.latter
79,-3.184899577656291,55.94332204060202,60,-3.184749577656291,55.943062232980886,courier.assume.bill
80,-3.184749577656291,55.943062232980886,80,-3.184697483202991,55.94335767530679,null
81,-3.184697483202991,55.94335767530679,90,-3.184697483202991,55.943657675306795,null
82,-3.184697483202991,55.943657675306795,80,-3.184645388749691,55.9439531176327,null
83,-3.184645388749691,55.9439531176327,80,-3.184593294296391,55.94424855995861,null
84,-3.184593294296391,55.94424855995861,80,-3.184541199843091,55.944544002284516,null
85,-3.184541199843091,55.944544002284516,80,-3.184489105389791,55.94483944461042,sports.topic.clocks
86,-3.184489105389791,55.94483944461042,90,-3.184489105389791,55.945139444610426,settle.title.united
87,-3.184489105389791,55.945139444610426,170,-3.1847845477156946,55.945087350157124,null
88,-3.1847845477156946,55.945087350157124,160,-3.1850664555019303,55.94498474411412,null
89,-3.1850664555019303,55.94498474411412,170,-3.185361897827834,55.94493264966082,null
90,-3.185361897827834,55.94493264966082,170,-3.185657340153738,55.94488055520752,null
91,-3.185657340153738,55.94488055520752,170,-3.185952782479642,55.944828460754216,null
92,-3.185952782479642,55.944828460754216,170,-3.1862482248055457,55.944776366300914,null
93,-3.1862482248055457,55.944776366300914,160,-3.1865301325917814,55.94467376025791,null
94,-3.1865301325917814,55.94467376025791,170,-3.1868255749176853,55.94462166580461,null
95,-3.1868255749176853,55.94462166580461,170,-3.187121017243589,55.94456957135131,null
96,-3.187121017243589,55.94456957135131,170,-3.187416459569493,55.94451747689801,null
97,-3.187416459569493,55.94451747689801,160,-3.1876983673557286,55.944414870855006,null
