1,-3.1878,55.9444,60,-3.18765,55.94414019237887,bound.ends.matter
2,-3.18765,55.94414019237887,10,-3.1873545576740963,55.944088097925565,null
3,-3.1873545576740963,55.944088097925565,20,-3.1870726498878605,55.943985491882565,renew.ears.tend
4,-3.1870726498878605,55.943985491882565,50,-3.1868798136049548,55.94375567854963,null
5,-3.1868798136049548,55.94375567854963,40,-3.186650000272019,55.94356284226672,null
6,-3.186650000272019,55.94356284226672,40,-3.1864201869390834,55.943370005983816,null
7,-3.1864201869390834,55.943370005983816,70,-3.1863175808960857,55.94308809819758,hers.banks.goat
8,-3.1863175808960857,55.94308809819758,20,-3.18603567310985,55.94298549215458,null
9,-3.18603567310985,55.94298549215458,10,-3.185740230783946,55.942933397701275,dent.shins.cycle
10,-3.185740230783946,55.942933397701275,30,-3.1854804231628107,55.94308339770127,null
11,-3.1854804231628107,55.94308339770127,30,-3.185220615541675,55.94323339770127,null
12,-3.185220615541675,55.94323339770127,40,-3.1849908022087394,55.94342623398418,sentences.sings.modern
13,-3.1849908022087394,55.94342623398418,60,-3.1848408022087393,55.94316642636304,courier.assume.bill
14,-3.1848408022087393,55.94316642636304,80,-3.1847887077554393,55.94346186868895,null
15,-3.1847887077554393,55.94346186868895,70,-3.1846861017124417,55.94374377647519,rider.mile.lime
16,-3.1846861017124417,55.94374377647519,160,-3.1849680094986774,55.94384638251819,null
17,-3.1849680094986774,55.94384638251819,180,-3.1852680094986776,55.94384638251819,null
18,-3.1852680094986776,55.94384638251819,150,-3.185527817119813,55.943996382518186,manliness.poem.cliff
19,-3.185527817119813,55.943996382518186,110,-3.1856304231628108,55.944278290304425,atoms.vanish.foods
20,-3.1856304231628108,55.944278290304425,40,-3.185400609829875,55.94447112658733,acid.chair.butter
21,-3.185400609829875,55.94447112658733,70,-3.1852980037868774,55.94475303437357,null
22,-3.1852980037868774,55.94475303437357,60,-3.1851480037868773,55.9450128419947,null
23,-3.1851480037868773,55.9450128419947,90,-3.1851480037868773,55.945312841994706,null
24,-3.1851480037868773,55.945312841994706,60,-3.1849980037868773,55.94557264961584,null
25,-3.1849980037868773,55.94557264961584,100,-3.1850500982401773,55.94586809194175,rider.aura.bulb
26,-3.1850500982401773,55.94586809194175,170,-3.185345540566081,55.945815997488445,null
27,-3.185345540566081,55.945815997488445,160,-3.185627448352317,55.945713391445445,null
28,-3.185627448352317,55.945713391445445,170,-3.1859228906782207,55.94566129699214,null
29,-3.1859228906782207,55.94566129699214,170,-3.1862183330041245,55.94560920253884,null
30,-3.1862183330041245,55.94560920253884,170,-3.1865137753300283,55.94555710808554,null
31,-3.1865137753300283,55.94555710808554,160,-3.186795683116264,55.94545450204254,spent.spoon.bolt
32,-3.186795683116264,55.94545450204254,140,-3.1870254964491997,55.94564733832544,null
33,-3.1870254964491997,55.94564733832544,140,-3.1872553097821354,55.94584017460835,slips.mass.baking
34,-3.1872553097821354,55.94584017460835,160,-3.187537217568371,55.94573756856535,null
35,-3.187537217568371,55.94573756856535,170,-3.187832659894275,55.94568547411205,null
36,-3.187832659894275,55.94568547411205,170,-3.188128102220179,55.94573756856535,null
37,-3.188128102220179,55.94573756856535,130,-3.1883209385030846,55.94550775523241,skills.less.herb
38,-3.1883209385030846,55.94550775523241,110,-3.1884235445460822,55.945225847446174,null
39,-3.1884235445460822,55.945225847446174,170,-3.188718986871986,55.94517375299287,rooms.lamp.teach
40,-3.188718986871986,55.94517375299287,90,-3.188718986871986,55.945473752992875,null
41,-3.188718986871986,55.945473752992875,130,-3.188911823154892,55.94570356632581,stops.else.chats
42,-3.188911823154892,55.94570356632581,170,-3.1892072654807957,55.94565147187251,museum.spicy.horns
43,-3.1892072654807957,55.94565147187251,120,-3.189357265480796,55.94591127949364,coherent.saints.stuck
44,-3.189357265480796,55.94591127949364,170,-3.1896527078066996,55.945963373946945,null
45,-3.1896527078066996,55.945963373946945,170,-3.1899481501326035,55.94601546840025,love.behind.orchestra
46,-3.1899481501326035,55.94601546840025,0,-3.1896481501326033,55.94601546840025,null
47,-3.1896481501326033,55.94601546840025,0,-3.189348150132603,55.94601546840025,null
48,-3.189348150132603,55.94601546840025,0,-3.189048150132603,55.94601546840025,null
49,-3.189048150132603,55.94601546840025,0,-3.1887481501326027,55.94601546840025,boost.radar.stress
50,-3.1887481501326027,55.94601546840025,80,-3.1886960556793027,55.94572002607434,null
51,-3.1886960556793027,55.94572002607434,70,-3.188593449636305,55.9454381182881,null
52,-3.188593449636305,55.9454381182881,90,-3.188593449636305,55.9451381182881,null
53,-3.188593449636305,55.9451381182881,90,-3.188593449636305,55.9448381182881,null
54,-3.188593449636305,55.9448381182881,90,-3.188593449636305,55.944538118288094,null
55,-3.188593449636305,55.944538118288094,50,-3.1884006133533993,55.94430830495516,trades.rare.cable
56,-3.1884006133533993,55.94430830495516,150,-3.188660420974535,55.94415830495516,null
57,-3.188660420974535,55.94415830495516,140,-3.1888902343074705,55.94396546867225,noted.friday.jams
58,-3.1888902343074705,55.94396546867225,140,-3.1891200476404062,55.94415830495516,spoon.invest.every
59,-3.1891200476404062,55.94415830495516,120,-3.1892700476404063,55.943898497334025,null
60,-3.1892700476404063,55.943898497334025,130,-3.189462883923312,55.94366868400109,cars.attend.hotels
61,-3.189462883923312,55.94366868400109,80,-3.189410789470012,55.94337324167518,rents.cone.stove
62,-3.189410789470012,55.94337324167518,140,-3.189640602802948,55.943180405392276,null
63,-3.189640602802948,55.943180405392276,130,-3.1898334390858536,55.94295059205934,second.launch.miles
64,-3.1898334390858536,55.94295059205934,80,-3.1897813446325536,55.94265514973343,hooked.shine.third
65,-3.1897813446325536,55.94265514973343,110,-3.189883950675551,55.94293705751967,null
66,-3.189883950675551,55.94293705751967,130,-3.190076786958457,55.94316687085261,null
67,-3.190076786958457,55.94316687085261,110,-3.1901793930014546,55.943448778638846,arts.dish.scarcely
68,-3.1901793930014546,55.943448778638846,110,-3.190281999044452,55.943730686425084,sculpture.shot.melon
69,-3.190281999044452,55.943730686425084,170,-3.190577441370356,55.94367859197178,null
70,-3.190577441370356,55.94367859197178,160,-3.1908593491565918,55.94378119801478,null
71,-3.1908593491565918,55.94378119801478,150,-3.1911191567777273,55.943631198014785,loaf.cheer.slave
72,-3.1911191567777273,55.943631198014785,60,-3.190969156777727,55.94389100563592,null
73,-3.190969156777727,55.94389100563592,120,-3.1911191567777273,55.94415081325705,hills.giant.crate
74,-3.1911191567777273,55.94415081325705,90,-3.1911191567777273,55.94385081325705,null
75,-3.1911191567777273,55.94385081325705,90,-3.1911191567777273,55.94355081325705,null
76,-3.1911191567777273,55.94355081325705,80,-3.1910670623244273,55.94325537093114,null
77,-3.1910670623244273,55.94325537093114,130,-3.191259898607333,55.943025557598205,null
78,-3.191259898607333,55.943025557598205,70,-3.1911572925643354,55.942743649811966,along.spill.limp
79,-3.1911572925643354,55.942743649811966,10,-3.1908618502384316,55.94279574426527,null
80,-3.1908618502384316,55.94279574426527,20,-3.190579942452196,55.94289835030827,null
81,-3.190579942452196,55.94289835030827,10,-3.190284500126292,55.94295044476157,null
82,-3.190284500126292,55.94295044476157,20,-3.1900025923400563,55.94305305080457,null
83,-3.1900025923400563,55.94305305080457,10,-3.1897071500141525,55.943105145257874,null
84,-3.1897071500141525,55.943105145257874,20,-3.189425242227917,55.943207751300875,null
85,-3.189425242227917,55.943207751300875,10,-3.189129799902013,55.94325984575418,null
86,-3.189129799902013,55.94325984575418,20,-3.1888478921157772,55.94336245179718,system.speak.guard
87,-3.1888478921157772,55.94336245179718,50,-3.1886550558328715,55.943592265130114,null
88,-3.1886550558328715,55.943592265130114,50,-3.1884622195499657,55.94382207846305,null
89,-3.1884622195499657,55.94382207846305,50,-3.18826938326706,55.944051891795986,null
90,-3.18826938326706,55.944051891795986,50,-3.188076546984154,55.94428170512892,null
91,-3.188076546984154,55.94428170512892,20,-3.1877946391979184,55.94438431117192,null
