1,-3.1878,55.9444,110,-3.187902606042998,55.94468190778624,hurt.green.filer
2,-3.187902606042998,55.94468190778624,220,-3.1881324193759335,55.944489071503334,null
3,-3.1881324193759335,55.944489071503334,210,-3.188392226997069,55.944339071503336,trades.rare.cable
4,-3.188392226997069,55.944339071503336,220,-3.1886220403300047,55.94414623522043,null
5,-3.1886220403300047,55.94414623522043,210,-3.1888818479511403,55.94399623522043,noted.friday.jams
6,-3.1888818479511403,55.94399623522043,210,-3.189141655572276,55.943846235220434,null
7,-3.189141655572276,55.943846235220434,220,-3.1893714689052115,55.94365339893753,cars.attend.hotels
8,-3.1893714689052115,55.94365339893753,200,-3.189653376691447,55.94355079289453,null
9,-3.189653376691447,55.94355079289453,170,-3.189948819017351,55.94360288734783,null
10,-3.189948819017351,55.94360288734783,210,-3.1902086266384866,55.94345288734783,arts.dish.scarcely
11,-3.1902086266384866,55.94345288734783,240,-3.1903586266384867,55.9431930797267,null
12,-3.1903586266384867,55.9431930797267,240,-3.1905086266384868,55.94293327210556,tonic.bliss.cove
13,-3.1905086266384868,55.94293327210556,170,-3.1908040689643906,55.942985366558865,null
14,-3.1908040689643906,55.942985366558865,170,-3.1910995112902945,55.94303746101217,else.urban.museum
15,-3.1910995112902945,55.94303746101217,100,-3.1911516057435945,55.943332903338074,null
16,-3.1911516057435945,55.943332903338074,80,-3.1910995112902945,55.94362834566398,loaf.cheer.slave
17,-3.1910995112902945,55.94362834566398,90,-3.1910995112902945,55.943928345663984,spicy.bunch.shady
18,-3.1910995112902945,55.943928345663984,90,-3.1910995112902945,55.94422834566399,hills.giant.crate
19,-3.1910995112902945,55.94422834566399,90,-3.1910995112902945,55.94452834566399,estate.gave.votes
20,-3.1910995112902945,55.94452834566399,80,-3.1910474168369944,55.9448237879899,null
21,-3.1910474168369944,55.9448237879899,90,-3.1910474168369944,55.9451237879899,maple.limit.hotels
22,-3.1910474168369944,55.9451237879899,110,-3.191150022879992,55.94540569577614,null
23,-3.191150022879992,55.94540569577614,110,-3.1912526289229897,55.94568760356238,null
24,-3.1912526289229897,55.94568760356238,70,-3.191150022879992,55.945969511348615,simple.rust.audio
25,-3.191150022879992,55.945969511348615,180,-3.1914500228799922,55.945969511348615,null
26,-3.1914500228799922,55.945969511348615,180,-3.1917500228799924,55.945969511348615,stone.undulation.poems
27,-3.1917500228799924,55.945969511348615,240,-3.1919000228799925,55.94570970372748,null
28,-3.1919000228799925,55.94570970372748,240,-3.1920500228799926,55.945449896106346,null
29,-3.1920500228799926,55.945449896106346,240,-3.1922000228799927,55.94519008848521,useful.hike.trades
30,-3.1922000228799927,55.94519008848521,10,-3.191904580554089,55.945242182938514,null
31,-3.191904580554089,55.945242182938514,0,-3.1916045805540887,55.945242182938514,null
32,-3.1916045805540887,55.945242182938514,0,-3.1913045805540885,55.945242182938514,null
33,-3.1913045805540885,55.945242182938514,0,-3.1910045805540883,55.945242182938514,null
34,-3.1910045805540883,55.945242182938514,20,-3.1907226727678526,55.945344788981515,null
35,-3.1907226727678526,55.945344788981515,0,-3.1904226727678524,55.945344788981515,null
36,-3.1904226727678524,55.945344788981515,0,-3.190122672767852,55.945344788981515,null
37,-3.190122672767852,55.945344788981515,30,-3.1898628651467167,55.94549478898151,turkey.limit.ramp
38,-3.1898628651467167,55.94549478898151,40,-3.189633051813781,55.94568762526442,null
39,-3.189633051813781,55.94568762526442,50,-3.189440215530875,55.945917438597355,coherent.saints.stuck
40,-3.189440215530875,55.945917438597355,330,-3.1891804079097397,55.94576743859736,null
41,-3.1891804079097397,55.94576743859736,350,-3.188884965583836,55.945715344144055,stops.else.chats
42,-3.188884965583836,55.945715344144055,340,-3.1886030577976,55.945612738101055,null
43,-3.1886030577976,55.945612738101055,340,-3.1883211500113644,55.945510132058054,skills.less.herb
44,-3.1883211500113644,55.945510132058054,0,-3.188021150011364,55.945510132058054,null
45,-3.188021150011364,55.945510132058054,0,-3.187721150011364,55.945510132058054,null
46,-3.187721150011364,55.945510132058054,0,-3.187421150011364,55.945510132058054,null
47,-3.187421150011364,55.945510132058054,10,-3.18712570768546,55.945562226511356,null
48,-3.18712570768546,55.945562226511356,330,-3.1868659000643245,55.94541222651136,null
49,-3.1868659000643245,55.94541222651136,320,-3.1866360867313888,55.94521939022845,null
50,-3.1866360867313888,55.94521939022845,290,-3.186533480688391,55.944937482442214,laws.merit.bleak
51,-3.186533480688391,55.944937482442214,280,-3.186481386235091,55.94464204011631,null
52,-3.186481386235091,55.94464204011631,340,-3.1861994784488554,55.944539434073306,null
53,-3.1861994784488554,55.944539434073306,290,-3.186096872405858,55.94425752628707,organs.shape.fantastic
54,-3.186096872405858,55.94425752628707,10,-3.185801430079954,55.94430962074037,atoms.vanish.foods
55,-3.185801430079954,55.94430962074037,30,-3.1855416224588184,55.94445962074037,null
56,-3.1855416224588184,55.94445962074037,20,-3.1852597146725827,55.94456222678337,acid.chair.butter
57,-3.1852597146725827,55.94456222678337,240,-3.185409714672583,55.944302419162234,null
58,-3.185409714672583,55.944302419162234,230,-3.1856025509554886,55.9440726058293,null
59,-3.1856025509554886,55.9440726058293,230,-3.1857953872383944,55.94384279249636,null
60,-3.1857953872383944,55.94384279249636,270,-3.1857953872383944,55.94354279249636,record.sofa.sock
61,-3.1857953872383944,55.94354279249636,230,-3.1859882235213,55.94331297916342,null
62,-3.1859882235213,55.94331297916342,230,-3.186181059804206,55.94308316583049,null
63,-3.186181059804206,55.94308316583049,260,-3.186233154257506,55.94278772350458,under.retire.bump
64,-3.186233154257506,55.94278772350458,160,-3.1865150620437417,55.94289032954758,null
65,-3.1865150620437417,55.94289032954758,120,-3.186665062043742,55.943150137168715,null
66,-3.186665062043742,55.943150137168715,110,-3.1867676680867394,55.94343204495495,null
67,-3.1867676680867394,55.94343204495495,120,-3.1869176680867395,55.94369185257609,null
68,-3.1869176680867395,55.94369185257609,110,-3.187020274129737,55.943973760362326,renew.ears.tend
69,-3.187020274129737,55.943973760362326,240,-3.187170274129737,55.94371395274119,null
70,-3.187170274129737,55.94371395274119,200,-3.187452181915973,55.94361134669819,null
71,-3.187452181915973,55.94361134669819,200,-3.1877340897022086,55.94350874065519,null
72,-3.1877340897022086,55.94350874065519,250,-3.1878366957452062,55.94322683286895,gums.clock.modes
73,-3.1878366957452062,55.94322683286895,200,-3.188118603531442,55.94312422682595,null
74,-3.188118603531442,55.94312422682595,190,-3.188414045857346,55.94307213237265,null
75,-3.188414045857346,55.94307213237265,180,-3.188714045857346,55.94307213237265,null
76,-3.188714045857346,55.94307213237265,210,-3.1889738534784815,55.94292213237265,null
77,-3.1889738534784815,55.94292213237265,180,-3.1892738534784817,55.94292213237265,null
78,-3.1892738534784817,55.94292213237265,180,-3.189573853478482,55.94292213237265,null
79,-3.189573853478482,55.94292213237265,220,-3.1898036668114176,55.942729296089745,hooked.shine.third
80,-3.1898036668114176,55.942729296089745,40,-3.189573853478482,55.94292213237265,null
81,-3.189573853478482,55.94292213237265,0,-3.1892738534784817,55.94292213237265,null
82,-3.1892738534784817,55.94292213237265,0,-3.1889738534784815,55.94292213237265,null
83,-3.1889738534784815,55.94292213237265,10,-3.1886784111525777,55.94297422682595,null
84,-3.1886784111525777,55.94297422682595,10,-3.188382968826674,55.943026321279255,null
85,-3.188382968826674,55.943026321279255,0,-3.1880829688266736,55.943026321279255,null
86,-3.1880829688266736,55.943026321279255,0,-3.1877829688266734,55.943026321279255,null
87,-3.1877829688266734,55.943026321279255,0,-3.1874829688266733,55.943026321279255,null
88,-3.1874829688266733,55.943026321279255,0,-3.187182968826673,55.943026321279255,null
89,-3.187182968826673,55.943026321279255,0,-3.186882968826673,55.943026321279255,null
90,-3.186882968826673,55.943026321279255,0,-3.1865829688266727,55.943026321279255,null
91,-3.1865829688266727,55.943026321279255,0,-3.1862829688266725,55.943026321279255,null
92,-3.1862829688266725,55.943026321279255,10,-3.1859875265007687,55.94307841573256,null
93,-3.1859875265007687,55.94307841573256,0,-3.1856875265007685,55.94307841573256,null
94,-3.1856875265007685,55.94307841573256,0,-3.1853875265007683,55.94307841573256,null
95,-3.1853875265007683,55.94307841573256,0,-3.185087526500768,55.94307841573256,null
96,-3.185087526500768,55.94307841573256,20,-3.1848056187145324,55.94318102177556,brings.remedy.latter
97,-3.1848056187145324,55.94318102177556,290,-3.1847030126715348,55.94289911398932,courier.assume.bill
98,-3.1847030126715348,55.94289911398932,110,-3.1848056187145324,55.94318102177556,null
99,-3.1848056187145324,55.94318102177556,110,-3.18490822475753,55.9434629295618,null
100,-3.18490822475753,55.9434629295618,110,-3.1850108308005276,55.943744837348035,null
101,-3.1850108308005276,55.943744837348035,110,-3.185113436843525,55.94402674513427,null
102,-3.185113436843525,55.94402674513427,110,-3.185216042886523,55.94430865292051,null
103,-3.185216042886523,55.94430865292051,100,-3.185268137339823,55.94460409524642,null
104,-3.185268137339823,55.94460409524642,110,-3.1853707433828204,55.94488600303266,null
105,-3.1853707433828204,55.94488600303266,110,-3.185473349425818,55.945167910818896,null
106,-3.185473349425818,55.945167910818896,100,-3.185525443879118,55.9454633531448,null
107,-3.185525443879118,55.9454633531448,110,-3.1856280499221157,55.94574526093104,shed.desire.muddy
108,-3.1856280499221157,55.94574526093104,120,-3.1857780499221158,55.946005068552175,renew.slows.basket
109,-3.1857780499221158,55.946005068552175,20,-3.18549614213588,55.946107674595176,prime.rent.silk
110,-3.18549614213588,55.946107674595176,230,-3.185688978418786,55.94587786126224,null
111,-3.185688978418786,55.94587786126224,230,-3.1858818147016916,55.9456480479293,null
112,-3.1858818147016916,55.9456480479293,230,-3.1860746509845974,55.94541823459637,null
113,-3.1860746509845974,55.94541823459637,230,-3.186267487267503,55.94518842126343,null
114,-3.186267487267503,55.94518842126343,230,-3.186460323550409,55.944958607930495,null
115,-3.186460323550409,55.944958607930495,220,-3.1866901368833447,55.94476577164759,null
116,-3.1866901368833447,55.94476577164759,210,-3.18694994450448,55.94461577164759,null
117,-3.18694994450448,55.94461577164759,190,-3.187245386830384,55.94456367719429,null
118,-3.187245386830384,55.94456367719429,210,-3.1875051944515196,55.94441367719429,null
119,-3.1875051944515196,55.94441367719429,180,-3.1878051944515198,55.94441367719429,null
