1,-3.1878,55.9444,110,-3.187902606042998,55.94468190778624,hurt.green.filer
2,-3.187902606042998,55.94468190778624,30,-3.1876427984218623,55.94453190778624,null
3,-3.1876427984218623,55.94453190778624,10,-3.1873473560959584,55.94447981333294,only.fairly.rift
4,-3.1873473560959584,55.94447981333294,30,-3.187087548474823,55.94462981333294,null
5,-3.187087548474823,55.94462981333294,20,-3.186805640688587,55.94473241937594,null
6,-3.186805640688587,55.94473241937594,30,-3.1865458330674516,55.944882419375936,laws.merit.bleak
7,-3.1865458330674516,55.944882419375936,60,-3.1863958330674516,55.9446226117548,rated.fired.crowds
8,-3.1863958330674516,55.9446226117548,20,-3.186113925281216,55.9445200057118,null
9,-3.186113925281216,55.9445200057118,20,-3.18583201749498,55.9444173996688,atoms.vanish.foods
10,-3.18583201749498,55.9444173996688,90,-3.18583201749498,55.9441173996688,null
11,-3.18583201749498,55.9441173996688,130,-3.186024853777886,55.94388758633586,teams.mild.played
12,-3.186024853777886,55.94388758633586,10,-3.185729411451982,55.94383549188256,null
13,-3.185729411451982,55.94383549188256,20,-3.1854475036657464,55.94373288583956,null
14,-3.1854475036657464,55.94373288583956,10,-3.1851520613398425,55.94368079138626,hello.love.keys
15,-3.1851520613398425,55.94368079138626,100,-3.1852041557931425,55.94397623371216,null
16,-3.1852041557931425,55.94397623371216,90,-3.1852041557931425,55.944276233712166,null
17,-3.1852041557931425,55.944276233712166,100,-3.1852562502464425,55.94457167603807,acid.chair.butter
18,-3.1852562502464425,55.94457167603807,20,-3.184974342460207,55.944674282081074,slide.leads.stores
19,-3.184974342460207,55.944674282081074,90,-3.184974342460207,55.94497428208108,null
20,-3.184974342460207,55.94497428208108,90,-3.184974342460207,55.94527428208108,null
21,-3.184974342460207,55.94527428208108,100,-3.185026436913507,55.94556972440699,null
22,-3.185026436913507,55.94556972440699,90,-3.185026436913507,55.94586972440699,rider.aura.bulb
23,-3.185026436913507,55.94586972440699,170,-3.1853218792394107,55.94581762995369,null
24,-3.1853218792394107,55.94581762995369,170,-3.1856173215653145,55.945765535500385,shed.desire.muddy
25,-3.1856173215653145,55.945765535500385,170,-3.1859127638912184,55.94581762995369,null
26,-3.1859127638912184,55.94581762995369,180,-3.1862127638912185,55.94581762995369,null
27,-3.1862127638912185,55.94581762995369,170,-3.1865082062171224,55.94586972440699,null
28,-3.1865082062171224,55.94586972440699,170,-3.1868036485430262,55.94592181886029,null
29,-3.1868036485430262,55.94592181886029,180,-3.1871036485430264,55.94592181886029,null
30,-3.1871036485430264,55.94592181886029,170,-3.1873990908689303,55.945973913313594,slips.mass.baking
31,-3.1873990908689303,55.945973913313594,150,-3.187658898490066,55.945823913313596,null
32,-3.187658898490066,55.945823913313596,160,-3.1879408062763015,55.945721307270595,null
33,-3.1879408062763015,55.945721307270595,150,-3.188200613897437,55.9455713072706,skills.less.herb
34,-3.188200613897437,55.9455713072706,160,-3.1884825216836727,55.9454687012276,null
35,-3.1884825216836727,55.9454687012276,170,-3.1887779640095766,55.945416606774295,null
36,-3.1887779640095766,55.945416606774295,170,-3.1890734063354804,55.94536451232099,null
37,-3.1890734063354804,55.94536451232099,110,-3.189176012378478,55.945082604534754,number.exist.rate
38,-3.189176012378478,55.945082604534754,80,-3.189123917925178,55.94478716220885,null
39,-3.189123917925178,55.94478716220885,90,-3.189123917925178,55.944487162208844,null
40,-3.189123917925178,55.944487162208844,80,-3.189071823471878,55.94419171988294,null
41,-3.189071823471878,55.94419171988294,60,-3.188921823471878,55.9439319122618,noted.friday.jams
42,-3.188921823471878,55.9439319122618,80,-3.188869729018578,55.943636469935896,labels.hotels.alert
43,-3.188869729018578,55.943636469935896,40,-3.188639915685642,55.9438293062188,null
44,-3.188639915685642,55.9438293062188,30,-3.1883801080645067,55.9439793062188,rush.crown.link
45,-3.1883801080645067,55.9439793062188,50,-3.188187271781601,55.943749492885864,null
46,-3.188187271781601,55.943749492885864,60,-3.188037271781601,55.94348968526473,null
47,-3.188037271781601,55.94348968526473,50,-3.187844435498695,55.943259871931794,gums.clock.modes
48,-3.187844435498695,55.943259871931794,100,-3.187896529951995,55.94296442960589,null
49,-3.187896529951995,55.94296442960589,40,-3.1876667166190593,55.94277159332298,panic.squad.danger
50,-3.1876667166190593,55.94277159332298,10,-3.1873712742931555,55.94282368777628,null
51,-3.1873712742931555,55.94282368777628,10,-3.1870758319672516,55.942875782229585,valve.elaborate.fortunate
52,-3.1870758319672516,55.942875782229585,10,-3.186780389641348,55.94292787668289,null
53,-3.186780389641348,55.94292787668289,10,-3.186484947315444,55.94297997113619,null
54,-3.186484947315444,55.94297997113619,40,-3.1862551339825083,55.94278713485328,under.retire.bump
55,-3.1862551339825083,55.94278713485328,10,-3.1859596916566044,55.942839229306585,null
56,-3.1859596916566044,55.942839229306585,10,-3.1856642493307006,55.94289132375989,dent.shins.cycle
57,-3.1856642493307006,55.94289132375989,170,-3.1859596916566044,55.94294341821319,null
58,-3.1859596916566044,55.94294341821319,170,-3.1862551339825083,55.94299551266649,null
59,-3.1862551339825083,55.94299551266649,170,-3.186550576308412,55.943047607119794,null
60,-3.186550576308412,55.943047607119794,160,-3.186832484094648,55.943150213162795,null
61,-3.186832484094648,55.943150213162795,160,-3.1871143918808835,55.943252819205796,null
62,-3.1871143918808835,55.943252819205796,160,-3.1873962996671192,55.9433554252488,null
63,-3.1873962996671192,55.9433554252488,160,-3.187678207453355,55.9434580312918,null
64,-3.187678207453355,55.9434580312918,160,-3.1879601152395907,55.9435606373348,null
65,-3.1879601152395907,55.9435606373348,160,-3.1882420230258264,55.9436632433778,null
66,-3.1882420230258264,55.9436632433778,160,-3.188523930812062,55.9437658494208,null
67,-3.188523930812062,55.9437658494208,170,-3.188819373137966,55.9438179438741,null
68,-3.188819373137966,55.9438179438741,160,-3.1891012809242016,55.9439205499171,null
69,-3.1891012809242016,55.9439205499171,170,-3.1893967232501055,55.943972644370405,null
70,-3.1893967232501055,55.943972644370405,160,-3.189678631036341,55.944075250413405,cliff.asleep.wedge
71,-3.189678631036341,55.944075250413405,150,-3.1899384386574767,55.94392525041341,null
72,-3.1899384386574767,55.94392525041341,150,-3.1901982462786123,55.94377525041341,null
73,-3.1901982462786123,55.94377525041341,140,-3.190428059611548,55.9435824141305,null
74,-3.190428059611548,55.9435824141305,140,-3.1906578729444837,55.9433895778476,null
75,-3.1906578729444837,55.9433895778476,100,-3.1907099673977837,55.94309413552169,relate.chill.vest
76,-3.1907099673977837,55.94309413552169,60,-3.1905599673977836,55.942834327900556,tonic.bliss.cove
77,-3.1905599673977836,55.942834327900556,170,-3.1908554097236874,55.942782233447254,null
78,-3.1908554097236874,55.942782233447254,170,-3.1911508520495913,55.94273013899395,along.spill.limp
79,-3.1911508520495913,55.94273013899395,90,-3.1911508520495913,55.943030138993954,null
80,-3.1911508520495913,55.943030138993954,90,-3.1911508520495913,55.94333013899396,null
81,-3.1911508520495913,55.94333013899396,80,-3.1910987575962912,55.943625581319864,loaf.cheer.slave
82,-3.1910987575962912,55.943625581319864,110,-3.191201363639289,55.9439074891061,null
83,-3.191201363639289,55.9439074891061,70,-3.1910987575962912,55.94418939689234,hills.giant.crate
84,-3.1910987575962912,55.94418939689234,80,-3.1910466631429912,55.94448483921825,null
85,-3.1910466631429912,55.94448483921825,90,-3.1910466631429912,55.94478483921825,shapes.sheep.nature
86,-3.1910466631429912,55.94478483921825,140,-3.191276476475927,55.94497767550116,null
87,-3.191276476475927,55.94497767550116,150,-3.1915362840970625,55.945127675501155,hills.feels.tunes
88,-3.1915362840970625,55.945127675501155,180,-3.1918362840970627,55.945127675501155,null
89,-3.1918362840970627,55.945127675501155,180,-3.192136284097063,55.945127675501155,useful.hike.trades
90,-3.192136284097063,55.945127675501155,40,-3.191906470764127,55.94532051178406,null
91,-3.191906470764127,55.94532051178406,40,-3.1916766574311914,55.94551334806697,null
92,-3.1916766574311914,55.94551334806697,40,-3.1914468440982557,55.94570618434987,null
93,-3.1914468440982557,55.94570618434987,40,-3.19121703076532,55.94589902063278,simple.rust.audio
94,-3.19121703076532,55.94589902063278,10,-3.190921588439416,55.94595111508608,null
95,-3.190921588439416,55.94595111508608,0,-3.190621588439416,55.94595111508608,null
96,-3.190621588439416,55.94595111508608,10,-3.190326146113512,55.946003209539384,null
97,-3.190326146113512,55.946003209539384,0,-3.190026146113512,55.946003209539384,love.behind.orchestra
98,-3.190026146113512,55.946003209539384,30,-3.1897663384923765,55.945853209539386,null
99,-3.1897663384923765,55.945853209539386,30,-3.189506530871241,55.94570320953939,null
100,-3.189506530871241,55.94570320953939,40,-3.189276717538305,55.94551037325648,null
101,-3.189276717538305,55.94551037325648,40,-3.1890469042053695,55.945317536973576,null
102,-3.1890469042053695,55.945317536973576,40,-3.188817090872434,55.94512470069067,null
103,-3.188817090872434,55.94512470069067,40,-3.188587277539498,55.944931864407764,null
104,-3.188587277539498,55.944931864407764,30,-3.1883274699183626,55.944781864407766,null
105,-3.1883274699183626,55.944781864407766,40,-3.188097656585427,55.94458902812486,null
106,-3.188097656585427,55.94458902812486,30,-3.1878378489642913,55.94443902812486,null
