1,-3.1878,55.9444,110,-3.187902606042998,55.94468190778624,hurt.green.filer
2,-3.187902606042998,55.94468190778624,60,-3.1877526060429977,55.944422100165106,null
3,-3.1877526060429977,55.944422100165106,70,-3.18765,55.94414019237887,null
4,-3.18765,55.94414019237887,60,-3.1875,55.94388038475773,begins.spider.drips
5,-3.1875,55.94388038475773,10,-3.187204557674096,55.943932479211036,renew.ears.tend
6,-3.187204557674096,55.943932479211036,90,-3.187204557674096,55.94363247921103,null
7,-3.187204557674096,55.94363247921103,90,-3.187204557674096,55.94333247921103,scale.chair.kinds
8,-3.187204557674096,55.94333247921103,80,-3.187152463220796,55.94362792153694,null
9,-3.187152463220796,55.94362792153694,90,-3.187152463220796,55.94392792153694,null
10,-3.187152463220796,55.94392792153694,80,-3.187100368767496,55.94422336386285,null
11,-3.187100368767496,55.94422336386285,110,-3.1872029748104937,55.944505271649085,null
12,-3.1872029748104937,55.944505271649085,10,-3.18690753248459,55.94455736610239,artist.gets.react
13,-3.18690753248459,55.94455736610239,10,-3.186612090158686,55.94460946055569,null
14,-3.186612090158686,55.94460946055569,0,-3.186312090158686,55.94460946055569,null
15,-3.186312090158686,55.94460946055569,60,-3.186162090158686,55.944349652934555,null
16,-3.186162090158686,55.944349652934555,70,-3.186059484115688,55.94406774514832,teams.mild.played
17,-3.186059484115688,55.94406774514832,20,-3.1857775763294525,55.94417035119132,null
18,-3.1857775763294525,55.94417035119132,40,-3.1855477629965168,55.94397751490841,manliness.poem.cliff
19,-3.1855477629965168,55.94397751490841,60,-3.1853977629965167,55.94371770728728,null
20,-3.1853977629965167,55.94371770728728,60,-3.1852477629965166,55.94345789966614,null
21,-3.1852477629965166,55.94345789966614,0,-3.1849477629965164,55.94345789966614,sentences.sings.modern
22,-3.1849477629965164,55.94345789966614,60,-3.1847977629965163,55.94319809204501,brings.remedy.latter
23,-3.1847977629965163,55.94319809204501,80,-3.1847456685432163,55.9429026497191,courier.assume.bill
24,-3.1847456685432163,55.9429026497191,80,-3.1846935740899163,55.94319809204501,null
25,-3.1846935740899163,55.94319809204501,80,-3.1846414796366163,55.943493534370916,null
26,-3.1846414796366163,55.943493534370916,70,-3.1845388735936186,55.943775442157154,null
27,-3.1845388735936186,55.943775442157154,80,-3.1844867791403186,55.94407088448306,null
28,-3.1844867791403186,55.94407088448306,80,-3.1844346846870186,55.94436632680897,null
29,-3.1844346846870186,55.94436632680897,80,-3.1843825902337186,55.944661769134875,null
30,-3.1843825902337186,55.944661769134875,110,-3.1844851962767162,55.94494367692111,sports.topic.clocks
31,-3.1844851962767162,55.94494367692111,120,-3.1846351962767163,55.94520348454225,null
32,-3.1846351962767163,55.94520348454225,120,-3.1847851962767164,55.94546329216338,null
33,-3.1847851962767164,55.94546329216338,120,-3.1849351962767165,55.945723099784516,rider.aura.bulb
34,-3.1849351962767165,55.945723099784516,170,-3.1852306386026203,55.94577519423782,null
35,-3.1852306386026203,55.94577519423782,180,-3.1855306386026205,55.94577519423782,null
36,-3.1855306386026205,55.94577519423782,170,-3.1858260809285244,55.94582728869112,null
37,-3.1858260809285244,55.94582728869112,180,-3.1861260809285246,55.94582728869112,null
38,-3.1861260809285246,55.94582728869112,170,-3.1864215232544284,55.94587938314442,null
39,-3.1864215232544284,55.94587938314442,180,-3.1867215232544286,55.94587938314442,null
40,-3.1867215232544286,55.94587938314442,170,-3.1870169655803324,55.945931477597725,null
41,-3.1870169655803324,55.945931477597725,180,-3.1873169655803326,55.945931477597725,null
42,-3.1873169655803326,55.945931477597725,170,-3.1876124079062365,55.94598357205103,null
43,-3.1876124079062365,55.94598357205103,180,-3.1879124079062366,55.94598357205103,null
44,-3.1879124079062366,55.94598357205103,170,-3.1882078502321405,55.94603566650433,null
45,-3.1882078502321405,55.94603566650433,180,-3.1885078502321407,55.94603566650433,boost.radar.stress
46,-3.1885078502321407,55.94603566650433,110,-3.1886104562751383,55.94575375871809,null
47,-3.1886104562751383,55.94575375871809,170,-3.188905898601042,55.94570166426479,stops.else.chats
48,-3.188905898601042,55.94570166426479,70,-3.1888032925580445,55.94541975647855,shady.soft.phones
49,-3.1888032925580445,55.94541975647855,110,-3.188905898601042,55.94513784869231,null
50,-3.188905898601042,55.94513784869231,170,-3.189201340926946,55.94508575423901,number.exist.rate
51,-3.189201340926946,55.94508575423901,110,-3.1893039469699436,55.94536766202525,null
52,-3.1893039469699436,55.94536766202525,110,-3.189406553012941,55.945649569811486,null
53,-3.189406553012941,55.945649569811486,80,-3.189354458559641,55.94594501213739,coherent.saints.stuck
54,-3.189354458559641,55.94594501213739,170,-3.189649900885545,55.945997106590696,null
55,-3.189649900885545,55.945997106590696,170,-3.189945343211449,55.946049201044,love.behind.orchestra
56,-3.189945343211449,55.946049201044,110,-3.1900479492544465,55.94576729325776,null
57,-3.1900479492544465,55.94576729325776,110,-3.190150555297444,55.94548538547152,null
58,-3.190150555297444,55.94548538547152,160,-3.19043246308368,55.94538277942852,jump.crop.fits
59,-3.19043246308368,55.94538277942852,170,-3.1907279054095836,55.94533068497522,null
60,-3.1907279054095836,55.94533068497522,160,-3.1910098131958193,55.94522807893222,maple.limit.hotels
61,-3.1910098131958193,55.94522807893222,90,-3.1910098131958193,55.944928078932215,shapes.sheep.nature
62,-3.1910098131958193,55.944928078932215,100,-3.1910619076491193,55.94463263660631,paying.crowd.weep
63,-3.1910619076491193,55.94463263660631,100,-3.1911140021024194,55.9443371942804,hills.giant.crate
64,-3.1911140021024194,55.9443371942804,90,-3.1911140021024194,55.9440371942804,spicy.bunch.shady
65,-3.1911140021024194,55.9440371942804,0,-3.190814002102419,55.9440371942804,null
66,-3.190814002102419,55.9440371942804,10,-3.1905185597765153,55.943985099827096,pump.wheels.hulk
67,-3.1905185597765153,55.943985099827096,100,-3.1905706542298153,55.94368965750119,null
68,-3.1905706542298153,55.94368965750119,100,-3.1906227486831154,55.94339421517528,null
69,-3.1906227486831154,55.94339421517528,110,-3.190725354726113,55.94311230738904,relate.chill.vest
70,-3.190725354726113,55.94311230738904,170,-3.191020797052017,55.94306021293574,else.urban.museum
71,-3.191020797052017,55.94306021293574,10,-3.190725354726113,55.94311230738904,null
72,-3.190725354726113,55.94311230738904,0,-3.1904253547261128,55.94311230738904,null
73,-3.1904253547261128,55.94311230738904,10,-3.190129912400209,55.943164401842346,null
74,-3.190129912400209,55.943164401842346,10,-3.189834470074305,55.94321649629565,null
75,-3.189834470074305,55.94321649629565,10,-3.1895390277484013,55.94326859074895,rents.cone.stove
76,-3.1895390277484013,55.94326859074895,30,-3.1892792201272657,55.94341859074895,null
77,-3.1892792201272657,55.94341859074895,30,-3.18901941250613,55.943568590748946,labels.hotels.alert
78,-3.18901941250613,55.943568590748946,30,-3.1887596048849947,55.94341859074895,system.speak.guard
79,-3.1887596048849947,55.94341859074895,60,-3.1886096048849946,55.943158783127814,groups.ideas.script
80,-3.1886096048849946,55.943158783127814,110,-3.188712210927992,55.94344069091405,null
81,-3.188712210927992,55.94344069091405,140,-3.188942024260928,55.94363352719696,null
82,-3.188942024260928,55.94363352719696,90,-3.188942024260928,55.94393352719696,noted.friday.jams
83,-3.188942024260928,55.94393352719696,150,-3.1892018318820634,55.94408352719696,null
84,-3.1892018318820634,55.94408352719696,150,-3.189461639503199,55.94423352719696,null
85,-3.189461639503199,55.94423352719696,150,-3.1897214471243345,55.944383527196955,null
86,-3.1897214471243345,55.944383527196955,150,-3.18998125474547,55.94453352719695,null
87,-3.18998125474547,55.94453352719695,160,-3.1902631625317057,55.94463613323995,null
88,-3.1902631625317057,55.94463613323995,150,-3.1905229701528413,55.94478613323995,null
89,-3.1905229701528413,55.94478613323995,150,-3.190782777773977,55.94493613323995,null
90,-3.190782777773977,55.94493613323995,150,-3.1910425853951123,55.94508613323995,null
91,-3.1910425853951123,55.94508613323995,150,-3.191302393016248,55.945236133239945,null
92,-3.191302393016248,55.945236133239945,170,-3.1915978353421517,55.94518403878664,hills.feels.tunes
93,-3.1915978353421517,55.94518403878664,10,-3.191302393016248,55.94513194433334,null
94,-3.191302393016248,55.94513194433334,10,-3.191006950690344,55.94507984988004,null
95,-3.191006950690344,55.94507984988004,10,-3.19071150836444,55.945027755426736,null
96,-3.19071150836444,55.945027755426736,10,-3.1904160660385363,55.944975660973434,null
97,-3.1904160660385363,55.944975660973434,10,-3.1901206237126325,55.94492356652013,null
98,-3.1901206237126325,55.94492356652013,10,-3.1898251813867287,55.94487147206683,null
99,-3.1898251813867287,55.94487147206683,0,-3.1895251813867285,55.94487147206683,null
100,-3.1895251813867285,55.94487147206683,20,-3.1892432736004928,55.94476886602383,null
101,-3.1892432736004928,55.94476886602383,10,-3.188947831274589,55.944716771570526,null
102,-3.188947831274589,55.944716771570526,20,-3.188665923488353,55.944614165527526,null
103,-3.188665923488353,55.944614165527526,20,-3.1883840157021175,55.944511559484525,null
104,-3.1883840157021175,55.944511559484525,20,-3.1881021079158818,55.944408953441524,null
105,-3.1881021079158818,55.944408953441524,0,-3.1878021079158816,55.944408953441524,null
