1,-3.1878,55.9444,300,-3.18765,55.94414019237887,bound.ends.matter
2,-3.18765,55.94414019237887,300,-3.1875,55.94388038475773,null
3,-3.1875,55.94388038475773,300,-3.18735,55.9436205771366,shut.stands.media
4,-3.18735,55.9436205771366,50,-3.187157163717094,55.943850390469535,renew.ears.tend
5,-3.187157163717094,55.943850390469535,100,-3.187209258170394,55.94414583279544,null
6,-3.187209258170394,55.94414583279544,110,-3.1873118642133917,55.94442774058168,null
7,-3.1873118642133917,55.94442774058168,40,-3.187082050880456,55.94462057686459,null
8,-3.187082050880456,55.94462057686459,350,-3.186786608554552,55.944568482411285,artist.gets.react
9,-3.186786608554552,55.944568482411285,10,-3.1864911662286484,55.94462057686459,rated.fired.crowds
10,-3.1864911662286484,55.94462057686459,340,-3.1862092584424127,55.944517970821586,null
11,-3.1862092584424127,55.944517970821586,290,-3.186106652399415,55.94423606303535,null
12,-3.186106652399415,55.94423606303535,290,-3.1860040463564174,55.94395415524911,teams.mild.played
13,-3.1860040463564174,55.94395415524911,0,-3.1857040463564172,55.94395415524911,manliness.poem.cliff
14,-3.1857040463564172,55.94395415524911,280,-3.1856519519031172,55.9436587129232,null
15,-3.1856519519031172,55.9436587129232,270,-3.1856519519031172,55.9433587129232,null
16,-3.1856519519031172,55.9433587129232,280,-3.185599857449817,55.94306327059729,dent.shins.cycle
17,-3.185599857449817,55.94306327059729,190,-3.185895299775721,55.94301117614399,null
18,-3.185895299775721,55.94301117614399,180,-3.1861952997757212,55.94301117614399,null
19,-3.1861952997757212,55.94301117614399,180,-3.1864952997757214,55.94301117614399,null
20,-3.1864952997757214,55.94301117614399,170,-3.1867907421016253,55.94306327059729,null
21,-3.1867907421016253,55.94306327059729,220,-3.187020555434561,55.942870434314386,valve.elaborate.fortunate
22,-3.187020555434561,55.942870434314386,190,-3.187315997760465,55.942818339861084,null
23,-3.187315997760465,55.942818339861084,190,-3.1876114400863687,55.94276624540778,panic.squad.danger
24,-3.1876114400863687,55.94276624540778,160,-3.1878933478726044,55.94286885145078,null
25,-3.1878933478726044,55.94286885145078,160,-3.18817525565884,55.94297145749378,null
26,-3.18817525565884,55.94297145749378,160,-3.188457163445076,55.943074063536784,groups.ideas.script
27,-3.188457163445076,55.943074063536784,180,-3.188757163445076,55.943074063536784,null
28,-3.188757163445076,55.943074063536784,190,-3.18905260577098,55.94302196908348,region.passes.pencil
29,-3.18905260577098,55.94302196908348,130,-3.1892454420538856,55.94325178241642,null
30,-3.1892454420538856,55.94325178241642,130,-3.1894382783367914,55.943481595749354,cars.attend.hotels
31,-3.1894382783367914,55.943481595749354,40,-3.1892084650038557,55.94367443203226,null
32,-3.1892084650038557,55.94367443203226,40,-3.18897865167092,55.94386726831517,null
33,-3.18897865167092,55.94386726831517,40,-3.1887488383379843,55.94406010459807,null
34,-3.1887488383379843,55.94406010459807,40,-3.1885190250050486,55.94425294088098,trades.rare.cable
35,-3.1885190250050486,55.94425294088098,60,-3.1883690250050485,55.94451274850211,null
36,-3.1883690250050485,55.94451274850211,70,-3.188266418962051,55.94479465628835,null
37,-3.188266418962051,55.94479465628835,40,-3.188036605629115,55.94498749257126,agents.mile.crib
38,-3.188036605629115,55.94498749257126,120,-3.1881866056291153,55.94524730019239,null
39,-3.1881866056291153,55.94524730019239,120,-3.1883366056291154,55.945507107813526,skills.less.herb
40,-3.1883366056291154,55.945507107813526,120,-3.1884866056291155,55.94576691543466,bend.tubes.chops
41,-3.1884866056291155,55.94576691543466,200,-3.188768513415351,55.94566430939166,null
42,-3.188768513415351,55.94566430939166,200,-3.189050421201587,55.94556170334866,null
43,-3.189050421201587,55.94556170334866,160,-3.1893323289878226,55.94566430939166,museum.spicy.horns
44,-3.1893323289878226,55.94566430939166,100,-3.1893844234411226,55.94595975171757,coherent.saints.stuck
45,-3.1893844234411226,55.94595975171757,280,-3.1893323289878226,55.94566430939166,null
46,-3.1893323289878226,55.94566430939166,280,-3.1892802345345226,55.94536886706575,null
47,-3.1892802345345226,55.94536886706575,290,-3.189177628491525,55.945086959279514,number.exist.rate
48,-3.189177628491525,55.945086959279514,170,-3.189473070817429,55.94513905373282,null
49,-3.189473070817429,55.94513905373282,180,-3.189773070817429,55.94513905373282,null
50,-3.189773070817429,55.94513905373282,170,-3.190068513143333,55.94519114818612,null
51,-3.190068513143333,55.94519114818612,180,-3.190368513143333,55.94519114818612,null
52,-3.190368513143333,55.94519114818612,170,-3.190663955469237,55.94524324263942,null
53,-3.190663955469237,55.94524324263942,180,-3.190963955469237,55.94524324263942,maple.limit.hotels
54,-3.190963955469237,55.94524324263942,130,-3.191156791752143,55.94547305597236,skins.engage.best
55,-3.191156791752143,55.94547305597236,240,-3.191306791752143,55.94521324835122,null
56,-3.191306791752143,55.94521324835122,180,-3.191606791752143,55.94521324835122,hills.feels.tunes
57,-3.191606791752143,55.94521324835122,190,-3.191902234078047,55.94516115389792,null
58,-3.191902234078047,55.94516115389792,190,-3.192197676403951,55.94510905944462,useful.hike.trades
59,-3.192197676403951,55.94510905944462,340,-3.191915768617715,55.94500645340162,null
60,-3.191915768617715,55.94500645340162,340,-3.1916338608314794,55.94490384735862,null
61,-3.1916338608314794,55.94490384735862,340,-3.1913519530452437,55.944801241315616,null
62,-3.1913519530452437,55.944801241315616,340,-3.191070045259008,55.944698635272616,estate.gave.votes
63,-3.191070045259008,55.944698635272616,270,-3.191070045259008,55.94439863527261,paying.crowd.weep
64,-3.191070045259008,55.94439863527261,260,-3.191122139712308,55.944103192946706,hills.giant.crate
65,-3.191122139712308,55.944103192946706,270,-3.191122139712308,55.9438031929467,loaf.cheer.slave
66,-3.191122139712308,55.9438031929467,270,-3.191122139712308,55.9435031929467,null
67,-3.191122139712308,55.9435031929467,260,-3.191174234165608,55.94320775062079,else.urban.museum
68,-3.191174234165608,55.94320775062079,30,-3.1909144265444724,55.94335775062079,null
69,-3.1909144265444724,55.94335775062079,30,-3.190654618923337,55.94350775062079,null
70,-3.190654618923337,55.94350775062079,30,-3.1903948113022014,55.94365775062079,null
71,-3.1903948113022014,55.94365775062079,30,-3.190135003681066,55.943807750620785,null
72,-3.190135003681066,55.943807750620785,40,-3.18990519034813,55.94400058690369,null
73,-3.18990519034813,55.94400058690369,40,-3.1896753770151944,55.9441934231866,null
74,-3.1896753770151944,55.9441934231866,40,-3.1894455636822587,55.9443862594695,null
75,-3.1894455636822587,55.9443862594695,40,-3.189215750349323,55.94457909575241,null
76,-3.189215750349323,55.94457909575241,40,-3.1889859370163873,55.944771932035316,null
77,-3.1889859370163873,55.944771932035316,40,-3.1887561236834516,55.94496476831822,null
78,-3.1887561236834516,55.94496476831822,40,-3.188526310350516,55.94515760460113,null
79,-3.188526310350516,55.94515760460113,40,-3.1882964970175802,55.945350440884035,null
80,-3.1882964970175802,55.945350440884035,20,-3.1880145892313445,55.945453046927035,null
81,-3.1880145892313445,55.945453046927035,10,-3.1877191469054407,55.94550514138034,null
82,-3.1877191469054407,55.94550514138034,20,-3.187437239119205,55.94560774742334,null
83,-3.187437239119205,55.94560774742334,10,-3.187141796793301,55.94565984187664,null
84,-3.187141796793301,55.94565984187664,20,-3.1868598890070654,55.94576244791964,null
85,-3.1868598890070654,55.94576244791964,10,-3.1865644466811616,55.94581454237294,null
86,-3.1865644466811616,55.94581454237294,20,-3.186282538894926,55.945917148415944,null
87,-3.186282538894926,55.945917148415944,10,-3.185987096569022,55.945969242869246,renew.slows.basket
88,-3.185987096569022,55.945969242869246,10,-3.185691654243118,55.94602133732255,null
89,-3.185691654243118,55.94602133732255,20,-3.1854097464568825,55.94612394336555,prime.rent.silk
90,-3.1854097464568825,55.94612394336555,330,-3.185149938835747,55.94597394336555,rider.aura.bulb
91,-3.185149938835747,55.94597394336555,310,-3.184957102552841,55.945744130032615,null
92,-3.184957102552841,55.945744130032615,320,-3.1847272892199054,55.94555129374971,null
93,-3.1847272892199054,55.94555129374971,310,-3.1845344529369997,55.94532148041677,settle.title.united
94,-3.1845344529369997,55.94532148041677,200,-3.1848163607232354,55.94521887437377,null
95,-3.1848163607232354,55.94521887437377,200,-3.185098268509471,55.94511626833077,null
96,-3.185098268509471,55.94511626833077,190,-3.185393710835375,55.94506417387747,null
97,-3.185393710835375,55.94506417387747,200,-3.1856756186216106,55.94496156783447,null
98,-3.1856756186216106,55.94496156783447,190,-3.1859710609475145,55.944909473381166,null
99,-3.1859710609475145,55.944909473381166,200,-3.18625296873375,55.944806867338166,null
100,-3.18625296873375,55.944806867338166,190,-3.186548411059654,55.94475477288486,null
101,-3.186548411059654,55.94475477288486,200,-3.1868303188458897,55.94465216684186,null
102,-3.1868303188458897,55.94465216684186,190,-3.1871257611717936,55.94460007238856,null
103,-3.1871257611717936,55.94460007238856,200,-3.1874076689580293,55.94449746634556,null
104,-3.1874076689580293,55.94449746634556,190,-3.187703111283933,55.94444537189226,null
