1,-3.1878,55.9444,110,-3.187902606042998,55.94468190778624,hurt.green.filer
2,-3.187902606042998,55.94468190778624,300,-3.1877526060429977,55.944422100165106,null
3,-3.1877526060429977,55.944422100165106,290,-3.18765,55.94414019237887,null
4,-3.18765,55.94414019237887,300,-3.1875,55.94388038475773,begins.spider.drips
5,-3.1875,55.94388038475773,300,-3.18735,55.9436205771366,null
6,-3.18735,55.9436205771366,300,-3.1872,55.943360769515465,scale.chair.kinds
7,-3.1872,55.943360769515465,190,-3.1874954423259036,55.94330867506216,null
8,-3.1874954423259036,55.94330867506216,190,-3.1877908846518075,55.94325658060886,gums.clock.modes
9,-3.1877908846518075,55.94325658060886,280,-3.1877387901985075,55.94296113828295,panic.squad.danger
10,-3.1877387901985075,55.94296113828295,340,-3.1874568824122718,55.94285853223995,null
11,-3.1874568824122718,55.94285853223995,10,-3.187161440086368,55.942910626693255,null
12,-3.187161440086368,55.942910626693255,310,-3.186968603803462,55.94268081336032,strut.river.surely
13,-3.186968603803462,55.94268081336032,20,-3.1866866960172264,55.94278341940332,null
14,-3.1866866960172264,55.94278341940332,30,-3.186426888396091,55.94293341940332,hers.banks.goat
15,-3.186426888396091,55.94293341940332,350,-3.186131446070187,55.942881324950015,null
16,-3.186131446070187,55.942881324950015,340,-3.1858495382839513,55.942778718907014,null
17,-3.1858495382839513,55.942778718907014,20,-3.1855676304977156,55.942881324950015,dent.shins.cycle
18,-3.1855676304977156,55.942881324950015,40,-3.18533781716478,55.94307416123292,null
19,-3.18533781716478,55.94307416123292,20,-3.185055909378544,55.94317676727592,null
20,-3.185055909378544,55.94317676727592,70,-3.1849533033355466,55.94345867506216,sentences.sings.modern
21,-3.1849533033355466,55.94345867506216,140,-3.1851831166684823,55.94365151134507,null
22,-3.1851831166684823,55.94365151134507,180,-3.1854831166684825,55.94365151134507,null
23,-3.1854831166684825,55.94365151134507,140,-3.185712930001418,55.94384434762797,null
24,-3.185712930001418,55.94384434762797,170,-3.186008372327322,55.943896442081275,teams.mild.played
25,-3.186008372327322,55.943896442081275,130,-3.186201208610228,55.94412625541421,null
26,-3.186201208610228,55.94412625541421,90,-3.186201208610228,55.944426255414214,null
27,-3.186201208610228,55.944426255414214,130,-3.1863940448931336,55.94465606874715,rated.fired.crowds
28,-3.1863940448931336,55.94465606874715,120,-3.1865440448931337,55.944915876368285,null
29,-3.1865440448931337,55.944915876368285,130,-3.1867368811760395,55.94514568970122,null
30,-3.1867368811760395,55.94514568970122,120,-3.1868868811760396,55.945405497322355,spent.spoon.bolt
31,-3.1868868811760396,55.945405497322355,60,-3.1867368811760395,55.94566530494349,hidden.handle.softly
32,-3.1867368811760395,55.94566530494349,20,-3.1864549733898038,55.94576791098649,null
33,-3.1864549733898038,55.94576791098649,20,-3.186173065603568,55.94587051702949,null
34,-3.186173065603568,55.94587051702949,340,-3.1858911578173323,55.94576791098649,null
35,-3.1858911578173323,55.94576791098649,20,-3.1856092500310966,55.94587051702949,null
36,-3.1856092500310966,55.94587051702949,340,-3.185327342244861,55.94576791098649,null
37,-3.185327342244861,55.94576791098649,20,-3.185045434458625,55.94587051702949,rider.aura.bulb
38,-3.185045434458625,55.94587051702949,310,-3.1848525981757194,55.945640703696554,null
39,-3.1848525981757194,55.945640703696554,320,-3.1846227848427837,55.94544786741365,settle.title.united
40,-3.1846227848427837,55.94544786741365,260,-3.1846748792960837,55.94515242508774,null
41,-3.1846748792960837,55.94515242508774,320,-3.184445065963148,55.944959588804835,sports.topic.clocks
42,-3.184445065963148,55.944959588804835,240,-3.184595065963148,55.9446997811837,null
43,-3.184595065963148,55.9446997811837,170,-3.184890508289052,55.944751875637,slide.leads.stores
44,-3.184890508289052,55.944751875637,210,-3.1851503159101875,55.944601875637005,acid.chair.butter
45,-3.1851503159101875,55.944601875637005,150,-3.185410123531323,55.944751875637,null
46,-3.185410123531323,55.944751875637,150,-3.1856699311524586,55.944901875637,null
47,-3.1856699311524586,55.944901875637,150,-3.185929738773594,55.945051875637,null
48,-3.185929738773594,55.945051875637,150,-3.1861895463947296,55.945201875637,null
49,-3.1861895463947296,55.945201875637,160,-3.1864714541809653,55.94530448168,null
50,-3.1864714541809653,55.94530448168,150,-3.186731261802101,55.945454481679995,null
51,-3.186731261802101,55.945454481679995,160,-3.1870131695883366,55.945557087722996,null
52,-3.1870131695883366,55.945557087722996,170,-3.1873086119142404,55.9456091821763,null
53,-3.1873086119142404,55.9456091821763,170,-3.1876040542401443,55.9456612766296,null
54,-3.1876040542401443,55.9456612766296,180,-3.1879040542401444,55.9456612766296,null
55,-3.1879040542401444,55.9456612766296,150,-3.18816386186128,55.9458112766296,null
56,-3.18816386186128,55.9458112766296,190,-3.188459304187184,55.945759182176296,bend.tubes.chops
57,-3.188459304187184,55.945759182176296,190,-3.1887547465130877,55.945707087722994,stops.else.chats
58,-3.1887547465130877,55.945707087722994,260,-3.1888068409663877,55.94541164539709,shady.soft.phones
59,-3.1888068409663877,55.94541164539709,140,-3.1890366542993234,55.94560448167999,null
60,-3.1890366542993234,55.94560448167999,130,-3.189229490582229,55.94583429501293,coherent.saints.stuck
61,-3.189229490582229,55.94583429501293,200,-3.189511398368465,55.94573168896993,null
62,-3.189511398368465,55.94573168896993,200,-3.1897933061547006,55.94562908292693,null
63,-3.1897933061547006,55.94562908292693,200,-3.1900752139409363,55.94552647688393,null
64,-3.1900752139409363,55.94552647688393,200,-3.190357121727172,55.945423870840926,jump.crop.fits
65,-3.190357121727172,55.945423870840926,190,-3.190652564053076,55.945371776387624,null
66,-3.190652564053076,55.945371776387624,200,-3.1909344718393116,55.94526917034462,maple.limit.hotels
67,-3.1909344718393116,55.94526917034462,270,-3.1909344718393116,55.94496917034462,null
68,-3.1909344718393116,55.94496917034462,280,-3.1908823773860115,55.944673728018714,null
69,-3.1908823773860115,55.944673728018714,230,-3.1910752136689173,55.94444391468578,paying.crowd.weep
70,-3.1910752136689173,55.94444391468578,290,-3.1909726076259197,55.94416200689954,null
71,-3.1909726076259197,55.94416200689954,240,-3.19112260762592,55.943902199278405,spicy.bunch.shady
72,-3.19112260762592,55.943902199278405,300,-3.1909726076259197,55.94364239165727,null
73,-3.1909726076259197,55.94364239165727,290,-3.190870001582922,55.94336048387103,null
74,-3.190870001582922,55.94336048387103,300,-3.190720001582922,55.9431006762499,null
75,-3.190720001582922,55.9431006762499,300,-3.190570001582922,55.942840868628764,tonic.bliss.cove
76,-3.190570001582922,55.942840868628764,0,-3.1902700015829217,55.942840868628764,null
77,-3.1902700015829217,55.942840868628764,10,-3.189974559257018,55.942892963082066,null
78,-3.189974559257018,55.942892963082066,310,-3.189781722974112,55.94266314974913,hooked.shine.third
79,-3.189781722974112,55.94266314974913,70,-3.1896791169311145,55.94294505753537,null
80,-3.1896791169311145,55.94294505753537,70,-3.189576510888117,55.94322696532161,null
81,-3.189576510888117,55.94322696532161,90,-3.189576510888117,55.94352696532161,null
82,-3.189576510888117,55.94352696532161,100,-3.189628605341417,55.94382240764752,burn.spot.across
83,-3.189628605341417,55.94382240764752,120,-3.189778605341417,55.94408221526865,cliff.asleep.wedge
84,-3.189778605341417,55.94408221526865,10,-3.189483163015513,55.94413430972195,null
85,-3.189483163015513,55.94413430972195,10,-3.1891877206896093,55.944186404175255,spoon.invest.every
86,-3.1891877206896093,55.944186404175255,300,-3.1890377206896092,55.94392659655412,null
87,-3.1890377206896092,55.94392659655412,300,-3.188887720689609,55.94366678893299,null
88,-3.188887720689609,55.94366678893299,300,-3.188737720689609,55.94340698131185,system.speak.guard
89,-3.188737720689609,55.94340698131185,150,-3.1889975283107446,55.94355698131185,null
90,-3.1889975283107446,55.94355698131185,150,-3.18925733593188,55.94370698131185,null
91,-3.18925733593188,55.94370698131185,150,-3.1895171435530156,55.943856981311846,null
92,-3.1895171435530156,55.943856981311846,150,-3.189776951174151,55.944006981311844,null
93,-3.189776951174151,55.944006981311844,160,-3.190058858960387,55.944109587354845,null
94,-3.190058858960387,55.944109587354845,150,-3.1903186665815224,55.94425958735484,null
95,-3.1903186665815224,55.94425958735484,160,-3.190600574367758,55.94436219339784,null
96,-3.190600574367758,55.94436219339784,160,-3.190882482153994,55.944464799440844,null
97,-3.190882482153994,55.944464799440844,160,-3.1911643899402296,55.944567405483845,null
98,-3.1911643899402296,55.944567405483845,160,-3.1914462977264653,55.944670011526846,null
99,-3.1914462977264653,55.944670011526846,160,-3.191728205512701,55.944772617569846,null
100,-3.191728205512701,55.944772617569846,150,-3.1919880131338365,55.944922617569844,null
101,-3.1919880131338365,55.944922617569844,140,-3.192217826466772,55.94511545385275,useful.hike.trades
102,-3.192217826466772,55.94511545385275,350,-3.1919223841408684,55.94506335939945,null
103,-3.1919223841408684,55.94506335939945,350,-3.1916269418149645,55.945011264946146,null
104,-3.1916269418149645,55.945011264946146,350,-3.1913314994890607,55.944959170492844,null
105,-3.1913314994890607,55.944959170492844,350,-3.191036057163157,55.94490707603954,null
106,-3.191036057163157,55.94490707603954,350,-3.190740614837253,55.94485498158624,null
107,-3.190740614837253,55.94485498158624,350,-3.190445172511349,55.94480288713294,null
108,-3.190445172511349,55.94480288713294,0,-3.190145172511349,55.94480288713294,null
109,-3.190145172511349,55.94480288713294,350,-3.189849730185445,55.944750792679635,null
110,-3.189849730185445,55.944750792679635,350,-3.1895542878595413,55.94469869822633,null
111,-3.1895542878595413,55.94469869822633,350,-3.1892588455336375,55.94464660377303,null
112,-3.1892588455336375,55.94464660377303,350,-3.1889634032077336,55.94459450931973,null
113,-3.1889634032077336,55.94459450931973,350,-3.18866796088183,55.944542414866426,null
114,-3.18866796088183,55.944542414866426,350,-3.188372518555926,55.944490320413124,null
115,-3.188372518555926,55.944490320413124,350,-3.188077076230022,55.94443822595982,null
