1,-3.1878,55.9444,110,-3.187902606042998,55.94468190778624,hurt.green.filer
2,-3.187902606042998,55.94468190778624,110,-3.1880052120859954,55.94496381557248,agents.mile.crib
3,-3.1880052120859954,55.94496381557248,120,-3.1881552120859955,55.944704007951344,null
4,-3.1881552120859955,55.944704007951344,120,-3.1883052120859956,55.94444420033021,trades.rare.cable
5,-3.1883052120859956,55.94444420033021,80,-3.1882531176326956,55.9441487580043,rush.crown.link
6,-3.1882531176326956,55.9441487580043,70,-3.188150511589698,55.943866850218065,cubs.trucks.help
7,-3.188150511589698,55.943866850218065,60,-3.188000511589698,55.94360704259693,null
8,-3.188000511589698,55.94360704259693,70,-3.1878979055467003,55.94332513481069,gums.clock.modes
9,-3.1878979055467003,55.94332513481069,60,-3.1877479055467,55.94306532718956,null
10,-3.1877479055467,55.94306532718956,80,-3.1876958110934,55.94276988486365,panic.squad.danger
11,-3.1876958110934,55.94276988486365,10,-3.1874003687674963,55.94282197931695,null
12,-3.1874003687674963,55.94282197931695,10,-3.1871049264415925,55.942874073770255,valve.elaborate.fortunate
13,-3.1871049264415925,55.942874073770255,50,-3.1869120901586867,55.94264426043732,strut.river.surely
14,-3.1869120901586867,55.94264426043732,20,-3.186630182372451,55.94274686648032,null
15,-3.186630182372451,55.94274686648032,20,-3.1863482745862153,55.94284947252332,null
16,-3.1863482745862153,55.94284947252332,20,-3.1860663667999796,55.94295207856632,null
17,-3.1860663667999796,55.94295207856632,10,-3.1857709244740757,55.943004173019624,toned.deflection.bland
18,-3.1857709244740757,55.943004173019624,70,-3.185668318431078,55.94328608080586,null
19,-3.185668318431078,55.94328608080586,120,-3.185818318431078,55.943545888426996,record.sofa.sock
20,-3.185818318431078,55.943545888426996,110,-3.185920924474076,55.943827796213235,null
21,-3.185920924474076,55.943827796213235,110,-3.1860235305170734,55.94410970399947,organs.shape.fantastic
22,-3.1860235305170734,55.94410970399947,40,-3.1857937171841377,55.94430254028238,atoms.vanish.foods
23,-3.1857937171841377,55.94430254028238,30,-3.185533909563002,55.94445254028238,null
24,-3.185533909563002,55.94445254028238,20,-3.1852520017767665,55.94455514632538,null
25,-3.1852520017767665,55.94455514632538,30,-3.184992194155631,55.944705146325376,slide.leads.stores
26,-3.184992194155631,55.944705146325376,50,-3.184799357872725,55.94493495965831,null
27,-3.184799357872725,55.94493495965831,50,-3.1846065215898194,55.94516477299125,settle.title.united
28,-3.1846065215898194,55.94516477299125,150,-3.184866329210955,55.945314772991246,null
29,-3.184866329210955,55.945314772991246,140,-3.1850961425438906,55.94550760927415,null
30,-3.1850961425438906,55.94550760927415,140,-3.1853259558768263,55.94570044555706,null
31,-3.1853259558768263,55.94570044555706,170,-3.18562139820273,55.94575254001036,shed.desire.muddy
32,-3.18562139820273,55.94575254001036,120,-3.1857713982027303,55.946012347631495,renew.slows.basket
33,-3.1857713982027303,55.946012347631495,20,-3.1854894904164945,55.946114953674495,prime.rent.silk
34,-3.1854894904164945,55.946114953674495,160,-3.1857713982027303,55.946012347631495,null
35,-3.1857713982027303,55.946012347631495,160,-3.186053305988966,55.945909741588494,null
36,-3.186053305988966,55.945909741588494,160,-3.1863352137752017,55.94580713554549,null
37,-3.1863352137752017,55.94580713554549,160,-3.1866171215614374,55.94570452950249,hidden.handle.softly
38,-3.1866171215614374,55.94570452950249,120,-3.1867671215614375,55.94544472188136,null
39,-3.1867671215614375,55.94544472188136,80,-3.1867150271081375,55.94514927955545,dragon.bottle.crisp
40,-3.1867150271081375,55.94514927955545,50,-3.1865221908252317,55.944919466222515,null
41,-3.1865221908252317,55.944919466222515,130,-3.1867150271081375,55.94468965288958,artist.gets.react
42,-3.1867150271081375,55.94468965288958,50,-3.1865221908252317,55.944919466222515,null
43,-3.1865221908252317,55.944919466222515,130,-3.1867150271081375,55.94514927955545,null
44,-3.1867150271081375,55.94514927955545,130,-3.1869078633910433,55.94537909288839,null
45,-3.1869078633910433,55.94537909288839,130,-3.187100699673949,55.945608906221324,diner.leaves.mutual
46,-3.187100699673949,55.945608906221324,160,-3.1873826074601848,55.945711512264324,null
47,-3.1873826074601848,55.945711512264324,160,-3.1876645152464205,55.945814118307325,null
48,-3.1876645152464205,55.945814118307325,160,-3.187946423032656,55.945916724350326,null
49,-3.187946423032656,55.945916724350326,170,-3.18824186535856,55.94596881880363,null
50,-3.18824186535856,55.94596881880363,160,-3.1885237731447957,55.94607142484663,boost.radar.stress
51,-3.1885237731447957,55.94607142484663,160,-3.1888056809310314,55.94596881880363,null
52,-3.1888056809310314,55.94596881880363,110,-3.188908286974029,55.94568691101739,stops.else.chats
53,-3.188908286974029,55.94568691101739,100,-3.188960381427329,55.94539146869148,null
54,-3.188960381427329,55.94539146869148,90,-3.188960381427329,55.94509146869148,null
55,-3.188960381427329,55.94509146869148,100,-3.189012475880629,55.94479602636557,null
56,-3.189012475880629,55.94479602636557,100,-3.189064570333929,55.944500584039666,null
57,-3.189064570333929,55.944500584039666,100,-3.189116664787229,55.94420514171376,spoon.invest.every
58,-3.189116664787229,55.94420514171376,60,-3.188966664787229,55.943945334092625,null
59,-3.188966664787229,55.943945334092625,70,-3.1888640587442314,55.94366342630639,null
60,-3.1888640587442314,55.94366342630639,60,-3.1887140587442313,55.94340361868525,system.speak.guard
61,-3.1887140587442313,55.94340361868525,140,-3.188943872077167,55.943210782402346,null
62,-3.188943872077167,55.943210782402346,150,-3.1892036796983025,55.94306078240235,region.passes.pencil
63,-3.1892036796983025,55.94306078240235,130,-3.1893965159812083,55.943290595735284,rents.cone.stove
64,-3.1893965159812083,55.943290595735284,170,-3.189691958307112,55.94323850128198,null
65,-3.189691958307112,55.94323850128198,170,-3.189987400633016,55.94318640682868,null
66,-3.189987400633016,55.94318640682868,170,-3.19028284295892,55.94313431237538,null
67,-3.19028284295892,55.94313431237538,170,-3.1905782852848237,55.943082217922075,relate.chill.vest
68,-3.1905782852848237,55.943082217922075,80,-3.1905261908315237,55.94337766024798,null
69,-3.1905261908315237,55.94337766024798,80,-3.1904740963782237,55.94367310257389,null
70,-3.1904740963782237,55.94367310257389,80,-3.1904220019249236,55.943968544899796,null
71,-3.1904220019249236,55.943968544899796,100,-3.1904740963782237,55.9442639872257,null
72,-3.1904740963782237,55.9442639872257,100,-3.1905261908315237,55.94455942955161,null
73,-3.1905261908315237,55.94455942955161,100,-3.1905782852848237,55.94485487187752,null
74,-3.1905782852848237,55.94485487187752,100,-3.1906303797381237,55.945150314203424,null
75,-3.1906303797381237,55.945150314203424,50,-3.190437543455218,55.94538012753636,jump.crop.fits
76,-3.190437543455218,55.94538012753636,160,-3.1907194512414536,55.94548273357936,null
77,-3.1907194512414536,55.94548273357936,170,-3.1910148935673575,55.94543063912606,null
78,-3.1910148935673575,55.94543063912606,150,-3.191274701188493,55.94558063912606,skins.engage.best
79,-3.191274701188493,55.94558063912606,70,-3.1911720951454954,55.945862546912295,simple.rust.audio
80,-3.1911720951454954,55.945862546912295,20,-3.1908901873592597,55.945759940869294,null
81,-3.1908901873592597,55.945759940869294,20,-3.190608279573024,55.94565733482629,null
82,-3.190608279573024,55.94565733482629,20,-3.1903263717867882,55.94555472878329,null
83,-3.1903263717867882,55.94555472878329,20,-3.1900444640005525,55.94545212274029,null
84,-3.1900444640005525,55.94545212274029,20,-3.189762556214317,55.94534951669729,null
85,-3.189762556214317,55.94534951669729,20,-3.189480648428081,55.94524691065429,null
86,-3.189480648428081,55.94524691065429,20,-3.1891987406418454,55.94514430461129,null
87,-3.1891987406418454,55.94514430461129,20,-3.1889168328556097,55.94504169856829,null
88,-3.1889168328556097,55.94504169856829,20,-3.188634925069374,55.94493909252529,null
89,-3.188634925069374,55.94493909252529,20,-3.1883530172831382,55.94483648648229,null
90,-3.1883530172831382,55.94483648648229,20,-3.1880711094969025,55.94473388043929,null
91,-3.1880711094969025,55.94473388043929,20,-3.187789201710667,55.944631274396286,null
92,-3.187789201710667,55.944631274396286,20,-3.187507293924431,55.944528668353286,null
93,-3.187507293924431,55.944528668353286,0,-3.187207293924431,55.944528668353286,null
94,-3.187207293924431,55.944528668353286,10,-3.186911851598527,55.94458076280659,null
95,-3.186911851598527,55.94458076280659,10,-3.1866164092726232,55.94463285725989,null
96,-3.1866164092726232,55.94463285725989,10,-3.1863209669467194,55.94458076280659,null
97,-3.1863209669467194,55.94458076280659,20,-3.1860390591604837,55.94447815676359,null
98,-3.1860390591604837,55.94447815676359,20,-3.185757151374248,55.944375550720586,null
99,-3.185757151374248,55.944375550720586,20,-3.1854752435880123,55.944272944677586,null
100,-3.1854752435880123,55.944272944677586,30,-3.1852154359668767,55.94412294467759,null
101,-3.1852154359668767,55.94412294467759,20,-3.184933528180641,55.94402033863459,null
102,-3.184933528180641,55.94402033863459,30,-3.1846737205595055,55.94387033863459,rider.mile.lime
103,-3.1846737205595055,55.94387033863459,170,-3.1849691628854093,55.94392243308789,null
104,-3.1849691628854093,55.94392243308789,170,-3.185264605211313,55.943974527541194,null
105,-3.185264605211313,55.943974527541194,170,-3.185560047537217,55.944026621994496,null
106,-3.185560047537217,55.944026621994496,170,-3.185855489863121,55.9440787164478,null
107,-3.185855489863121,55.9440787164478,170,-3.1861509321890247,55.9441308109011,null
108,-3.1861509321890247,55.9441308109011,140,-3.1863807455219604,55.943937974618194,null
109,-3.1863807455219604,55.943937974618194,170,-3.186676187847864,55.943990069071496,null
110,-3.186676187847864,55.943990069071496,170,-3.186971630173768,55.9440421635248,null
111,-3.186971630173768,55.9440421635248,150,-3.1872314377949036,55.9441921635248,null
112,-3.1872314377949036,55.9441921635248,160,-3.1875133455811393,55.9442947695678,null
113,-3.1875133455811393,55.9442947695678,160,-3.187795253367375,55.9443973756108,null
