1,-3.188396,55.944425,260,-3.1884480944533,55.944129557674096,trades.rare.cable
2,-3.1884480944533,55.944129557674096,170,-3.188743536779204,55.9441816521274,null
3,-3.188743536779204,55.9441816521274,180,-3.189043536779204,55.9441816521274,spoon.invest.every
4,-3.189043536779204,55.9441816521274,100,-3.189095631232504,55.944477094453305,null
5,-3.189095631232504,55.944477094453305,100,-3.189147725685804,55.94477253677921,null
6,-3.189147725685804,55.94477253677921,100,-3.189199820139104,55.94506797910512,number.exist.rate
7,-3.189199820139104,55.94506797910512,40,-3.1889700068061684,55.945260815388025,null
8,-3.1889700068061684,55.945260815388025,340,-3.1886880990199327,55.945158209345024,rooms.lamp.teach
9,-3.1886880990199327,55.945158209345024,110,-3.1887907050629303,55.94544011713126,shady.soft.phones
10,-3.1887907050629303,55.94544011713126,10,-3.1884952627370264,55.945492211584565,skills.less.herb
11,-3.1884952627370264,55.945492211584565,160,-3.188777170523262,55.945594817627565,null
12,-3.188777170523262,55.945594817627565,150,-3.1890369781443977,55.94574481762756,null
13,-3.1890369781443977,55.94574481762756,200,-3.1893188859306334,55.94564221158456,museum.spicy.horns
14,-3.1893188859306334,55.94564221158456,100,-3.1893709803839334,55.94593765391047,coherent.saints.stuck
15,-3.1893709803839334,55.94593765391047,180,-3.1896709803839336,55.94593765391047,null
16,-3.1896709803839336,55.94593765391047,160,-3.1899528881701693,55.94604025995347,love.behind.orchestra
17,-3.1899528881701693,55.94604025995347,180,-3.1902528881701695,55.94604025995347,null
18,-3.1902528881701695,55.94604025995347,180,-3.1905528881701697,55.94604025995347,null
19,-3.1905528881701697,55.94604025995347,190,-3.1908483304960735,55.94598816550017,null
20,-3.1908483304960735,55.94598816550017,180,-3.1911483304960737,55.94598816550017,simple.rust.audio
21,-3.1911483304960737,55.94598816550017,240,-3.191298330496074,55.945728357879034,null
22,-3.191298330496074,55.945728357879034,240,-3.191448330496074,55.9454685502579,null
23,-3.191448330496074,55.9454685502579,240,-3.191598330496074,55.945208742636765,hills.feels.tunes
24,-3.191598330496074,55.945208742636765,190,-3.191893772821978,55.94515664818346,null
25,-3.191893772821978,55.94515664818346,190,-3.1921892151478817,55.94510455373016,useful.hike.trades
26,-3.1921892151478817,55.94510455373016,330,-3.191929407526746,55.94495455373016,null
27,-3.191929407526746,55.94495455373016,310,-3.1917365712438404,55.94472474039723,null
28,-3.1917365712438404,55.94472474039723,320,-3.1915067579109047,55.94453190411432,null
29,-3.1915067579109047,55.94453190411432,320,-3.191276944577969,55.944339067831415,null
30,-3.191276944577969,55.944339067831415,320,-3.1910471312450333,55.94414623154851,null
31,-3.1910471312450333,55.94414623154851,340,-3.1907652234587975,55.94404362550551,null
32,-3.1907652234587975,55.94404362550551,310,-3.1905723871758918,55.94381381217257,null
33,-3.1905723871758918,55.94381381217257,340,-3.190290479389656,55.94371120612957,sculpture.shot.melon
34,-3.190290479389656,55.94371120612957,290,-3.1901878733466584,55.94342929834333,arts.dish.scarcely
35,-3.1901878733466584,55.94342929834333,290,-3.190085267303661,55.943147390557094,null
36,-3.190085267303661,55.943147390557094,310,-3.189892431020755,55.94291757722416,second.launch.miles
37,-3.189892431020755,55.94291757722416,190,-3.190187873346659,55.942865482770856,null
38,-3.190187873346659,55.942865482770856,190,-3.1904833156725627,55.94281338831755,tonic.bliss.cove
39,-3.1904833156725627,55.94281338831755,130,-3.1906761519554685,55.94304320165049,relate.chill.vest
40,-3.1906761519554685,55.94304320165049,230,-3.1908689882383743,55.94281338831755,null
41,-3.1908689882383743,55.94281338831755,190,-3.191164430564278,55.94276129386425,along.spill.limp
42,-3.191164430564278,55.94276129386425,10,-3.1908689882383743,55.94281338831755,null
43,-3.1908689882383743,55.94281338831755,20,-3.1905870804521386,55.942915994360554,null
44,-3.1905870804521386,55.942915994360554,10,-3.1902916381262347,55.942968088813856,null
45,-3.1902916381262347,55.942968088813856,10,-3.189996195800331,55.94302018326716,null
46,-3.189996195800331,55.94302018326716,10,-3.189700753474427,55.94307227772046,null
47,-3.189700753474427,55.94307227772046,10,-3.189405311148523,55.94312437217376,null
48,-3.189405311148523,55.94312437217376,20,-3.1891234033622875,55.943226978216764,null
49,-3.1891234033622875,55.943226978216764,20,-3.188841495576052,55.943329584259764,null
50,-3.188841495576052,55.943329584259764,20,-3.188559587789816,55.943432190302765,null
51,-3.188559587789816,55.943432190302765,20,-3.1882776800035804,55.943534796345766,null
52,-3.1882776800035804,55.943534796345766,350,-3.1879822376776765,55.943482701892464,scare.cubs.resort
53,-3.1879822376776765,55.943482701892464,40,-3.187752424344741,55.94367553817537,null
54,-3.187752424344741,55.94367553817537,40,-3.187522611011805,55.943868374458276,begins.spider.drips
55,-3.187522611011805,55.943868374458276,40,-3.1872927976788694,55.94406121074118,null
56,-3.1872927976788694,55.94406121074118,340,-3.1870108898926337,55.94395860469818,renew.ears.tend
57,-3.1870108898926337,55.94395860469818,10,-3.18671544756673,55.944010699151484,lime.learns.front
58,-3.18671544756673,55.944010699151484,170,-3.1870108898926337,55.944062793604786,null
59,-3.1870108898926337,55.944062793604786,140,-3.1872407032255694,55.94425562988769,null
60,-3.1872407032255694,55.94425562988769,80,-3.1871886087722694,55.9445510722136,null
61,-3.1871886087722694,55.9445510722136,0,-3.186888608772269,55.9445510722136,artist.gets.react
62,-3.186888608772269,55.9445510722136,190,-3.187184051098173,55.9444989777603,only.fairly.rift
63,-3.187184051098173,55.9444989777603,30,-3.1869242434770375,55.944648977760295,null
64,-3.1869242434770375,55.944648977760295,30,-3.186664435855902,55.94479897776029,laws.merit.bleak
65,-3.186664435855902,55.94479897776029,30,-3.1864046282347664,55.94494897776029,null
66,-3.1864046282347664,55.94494897776029,130,-3.1865974645176722,55.94517879109323,null
67,-3.1865974645176722,55.94517879109323,140,-3.186827277850608,55.94537162737613,spent.spoon.bolt
68,-3.186827277850608,55.94537162737613,120,-3.186977277850608,55.94563143499727,null
69,-3.186977277850608,55.94563143499727,180,-3.187277277850608,55.94563143499727,diner.leaves.mutual
70,-3.187277277850608,55.94563143499727,340,-3.1869953700643725,55.94552882895427,null
71,-3.1869953700643725,55.94552882895427,300,-3.1868453700643724,55.94526902133313,null
72,-3.1868453700643724,55.94526902133313,310,-3.1866525337814666,55.945039208000196,null
73,-3.1866525337814666,55.945039208000196,310,-3.186459697498561,55.94480939466726,null
74,-3.186459697498561,55.94480939466726,310,-3.186266861215655,55.944579581334324,null
75,-3.186266861215655,55.944579581334324,290,-3.1861642551726574,55.944297673548085,null
76,-3.1861642551726574,55.944297673548085,290,-3.18606164912966,55.94401576576185,teams.mild.played
77,-3.18606164912966,55.94401576576185,260,-3.18611374358296,55.94372032343594,null
78,-3.18611374358296,55.94372032343594,260,-3.18616583803626,55.94342488111003,null
79,-3.18616583803626,55.94342488111003,260,-3.18621793248956,55.943129438784126,null
80,-3.18621793248956,55.943129438784126,260,-3.18627002694286,55.94283399645822,under.retire.bump
81,-3.18627002694286,55.94283399645822,190,-3.1865654692687637,55.94278190200492,null
82,-3.1865654692687637,55.94278190200492,190,-3.1868609115946676,55.942729807551615,strut.river.surely
83,-3.1868609115946676,55.942729807551615,120,-3.1870109115946677,55.94298961517275,null
84,-3.1870109115946677,55.94298961517275,120,-3.1871609115946677,55.94324942279388,scale.chair.kinds
85,-3.1871609115946677,55.94324942279388,10,-3.186865469268764,55.943301517247185,null
86,-3.186865469268764,55.943301517247185,20,-3.186583561482528,55.943404123290186,null
87,-3.186583561482528,55.943404123290186,10,-3.1862881191566244,55.94345621774349,null
88,-3.1862881191566244,55.94345621774349,10,-3.1859926768307205,55.94350831219679,null
89,-3.1859926768307205,55.94350831219679,20,-3.185710769044485,55.94361091823979,null
90,-3.185710769044485,55.94361091823979,10,-3.185415326718581,55.943663012693094,null
91,-3.185415326718581,55.943663012693094,20,-3.1851334189323453,55.943765618736094,null
92,-3.1851334189323453,55.943765618736094,10,-3.1848379766064414,55.9438177131894,rider.mile.lime
93,-3.1848379766064414,55.9438177131894,80,-3.1847858821531414,55.9441131555153,null
94,-3.1847858821531414,55.9441131555153,80,-3.1847337876998414,55.94440859784121,null
95,-3.1847337876998414,55.94440859784121,70,-3.184631181656844,55.94469050562745,null
96,-3.184631181656844,55.94469050562745,80,-3.1845790872035438,55.944985947953356,null
97,-3.1845790872035438,55.944985947953356,80,-3.1845269927502438,55.94528139027926,settle.title.united
98,-3.1845269927502438,55.94528139027926,190,-3.1848224350761476,55.94522929582596,null
99,-3.1848224350761476,55.94522929582596,200,-3.1851043428623833,55.94512668978296,null
100,-3.1851043428623833,55.94512668978296,190,-3.185399785188287,55.94507459532966,null
101,-3.185399785188287,55.94507459532966,190,-3.185695227514191,55.945022500876355,null
102,-3.185695227514191,55.945022500876355,190,-3.185990669840095,55.94497040642305,null
103,-3.185990669840095,55.94497040642305,190,-3.1862861121659987,55.94491831196975,null
104,-3.1862861121659987,55.94491831196975,200,-3.1865680199522344,55.94481570592675,null
105,-3.1865680199522344,55.94481570592675,200,-3.18684992773847,55.94471309988375,null
106,-3.18684992773847,55.94471309988375,190,-3.187145370064374,55.94466100543045,null
107,-3.187145370064374,55.94466100543045,190,-3.1874408123902778,55.944608910977145,null
108,-3.1874408123902778,55.944608910977145,190,-3.1877362547161816,55.94455681652384,null
109,-3.1877362547161816,55.94455681652384,190,-3.1880316970420854,55.94450472207054,null
110,-3.1880316970420854,55.94450472207054,190,-3.1883271393679893,55.94445262761724,null
